4844.125	0.0	0	0	0	2676.5819194302962	1.0	2167.5430805697038	29	96	3844.309115720804	0.23333333333333334	999.815884279196	16	47	1104.8472912011841	0.94	3739.277708798817	403	6797	2343.4341357993617	0.54	2500.690864200638	546	3000	
4694.875	0.0	0	0	0	2959.7767773619003	1.0	1735.0982226380997	33	108	3818.3448310856475	0.25333333333333335	876.5301689143525	21	60	1141.5086409682222	0.94	3553.3663590317774	350	3837	2237.7462086971727	0.5666666666666667	2457.1287913028273	596	3000	
4904.0	0.0	0	0	0	2106.644209334391	1.0	2797.355790665609	39	121	3961.9082174589175	0.26	942.0917825410828	22	57	1121.9359425057764	0.9266666666666666	3782.0640574942236	345	5755	2383.453632648633	0.6066666666666667	2520.5463673513664	639	3000	
4722.75	0.0	0	0	0	2131.698450684745	1.0	2591.051549315255	90	286	3932.8353530401005	0.24	789.9146469598996	17	50	1112.3496636547543	0.94	3610.400336345246	364	4470	2302.235270854062	0.58	2420.5147291459375	568	3000	
4907.75	0.0	0	0	0	2467.765432447505	1.0	2439.984567552495	28	97	3703.1792423803254	0.24666666666666667	1204.5707576196746	17	54	1079.5520000772985	0.9533333333333334	3828.197999922701	311	3890	2401.6643498019025	0.58	2506.0856501980975	543	3000	
4771.375	0.0	0	0	0	2281.5747744514797	1.0	2489.80022554852	42	139	3899.390429594673	0.24	871.9845704053266	18	45	1126.2860450006779	0.9266666666666666	3645.088954999323	337	4422	2162.9123906389173	0.5933333333333334	2608.4626093610827	605	3000	
4958.875	0.0	0	0	0	2985.1991440560982	1.0	1973.6758559439015	4	19	3871.635973381805	0.24	1087.2390266181949	18	55	1123.1925017361336	0.9466666666666667	3835.682498263866	351	4052	2374.812955738733	0.5733333333333334	2584.062044261267	554	3000	
5053.25	0.0	0	0	0	2263.8696037140644	1.0	2789.380396285936	47	120	4030.962526893623	0.23333333333333334	1022.287473106377	16	41	1126.9428687994134	0.94	3926.307131200587	352	3734	2319.7493989112245	0.5733333333333334	2733.5006010887755	604	3000	
5034.125	0.0	0	0	0	1746.6414382144735	1.0	3287.4835617855256	83	235	4070.104098471951	0.24666666666666667	964.020901528049	17	53	1117.3111667797712	0.98	3916.8138332202293	332	5906	2175.652126160406	0.6266666666666667	2858.472873839594	651	3000	
4425.5	0.0	0	0	0	2478.7631072785757	1.0	1946.736892721424	45	167	3391.9536175883504	0.25333333333333335	1033.5463824116491	21	69	1070.9448178155753	0.9533333333333334	3354.555182184424	352	5294	2299.6845194897387	0.5333333333333333	2125.8154805102613	518	3000	
4815.875	0.0	0	0	0	2956.808733579983	1.0	1859.0662664200167	22	71	3740.1497953489466	0.24666666666666667	1075.7252046510534	18	44	1113.5189374957827	0.9466666666666667	3702.3560625042173	385	5235	2373.9243124453506	0.5666666666666667	2441.9506875546494	571	3000	
4721.5	0.0	0	0	0	2269.444518780303	1.0	2452.0554812196974	33	105	3835.8628855642683	0.24	885.6371144357315	17	46	1124.2496975403292	0.9466666666666667	3597.25030245967	306	3458	2173.258093139386	0.56	2548.2419068606146	568	3000	
4907.75	0.0	0	0	0	1930.9761815215459	1.0	2976.773818478454	90	298	3840.048003053973	0.26	1067.701996946027	21	54	1120.3745190842099	0.9333333333333333	3787.37548091579	368	4828	2552.1819075167436	0.54	2355.5680924832564	551	3000	
4882.375	0.0	0	0	0	2252.5682784216046	1.0	2629.8067215783954	57	214	3911.1260173798087	0.24	971.2489826201916	17	45	1134.272323268585	0.9266666666666666	3748.102676731415	352	3825	2310.9076286979453	0.56	2571.4673713020547	545	3000	
4702.375	0.0	0	0	0	2019.498409889783	1.0	2682.876590110217	93	254	3801.193728718542	0.25333333333333335	901.1812712814583	20	62	1101.5784327487793	0.98	3600.7965672512214	371	4087	2261.789291181529	0.5333333333333333	2440.585708818471	583	3000	
4984.25	0.0	0	0	0	2156.981691687147	1.0	2827.2683083128527	44	139	3934.568772891371	0.25333333333333335	1049.6812271086292	19	51	1136.4760281740096	0.9333333333333333	3847.77397182599	305	4177	2237.1134500749513	0.6	2747.1365499250487	570	3000	
4883.625	0.0	0	0	0	2794.955617784842	1.0	2088.669382215158	3	15	3808.151531474169	0.25333333333333335	1075.473468525831	19	62	1164.215354395751	0.9266666666666666	3719.409645604249	309	3112	2320.834004797779	0.5666666666666667	2562.7909952022205	568	3000	
4677.0	0.0	0	0	0	2589.1271148130763	1.0	2087.872885186923	47	153	3511.791779684968	0.26	1165.2082203150317	20	54	1184.3975343466125	0.9466666666666667	3492.6024656533873	264	2278	2164.049918034821	0.5466666666666666	2512.9500819651794	567	3000	
4701.125	0.0	0	0	0	2283.390855941968	1.0	2417.734144058032	44	112	3705.0140542280833	0.24666666666666667	996.1109457719166	18	57	1193.7152472168812	0.94	3507.409752783119	312	3707	1867.4524512168332	0.6066666666666667	2833.6725487831673	608	3000	
4652.5	0.0	0	0	0	2944.914968769902	1.0	1707.5850312300977	12	57	3596.355778430308	0.26666666666666666	1056.1442215696923	21	56	1139.186151377236	0.9466666666666667	3513.313848622764	389	4979	2250.554347226564	0.5533333333333333	2401.945652773436	535	3000	
4740.625	0.0	0	0	0	2280.305226343971	1.0	2460.3197736560287	52	140	3754.0084969886334	0.26	986.6165030113667	20	63	1133.4473386552982	0.94	3607.1776613447014	365	5779	2127.886633249831	0.58	2612.7383667501686	571	3000	
4891.125	0.0	0	0	0	2446.3113379732968	1.0	2444.813662026703	47	191	3787.003926792283	0.24666666666666667	1104.1210732077168	20	41	1117.4274183615953	0.9266666666666666	3773.6975816384042	352	4312	2308.5859392915722	0.6	2582.539060708428	636	3000	
4625.875	0.0	0	0	0	2398.50855812565	1.0	2227.3664418743506	42	127	3733.822523029711	0.24	892.0524769702887	17	48	1097.7460445263341	0.9666666666666667	3528.1289554736654	383	5608	2076.7825272376513	0.56	2549.092472762349	645	3000	
5151.375	0.0	0	0	0	3072.027034316023	1.0	2079.347965683977	27	109	4009.2197436256083	0.24666666666666667	1142.1552563743917	18	39	1199.4868490065664	0.96	3951.888150993434	295	2894	2459.48374294598	0.5866666666666667	2691.8912570540197	576	3000	
4702.375	0.0	0	0	0	2177.38677575996	1.0	2524.9882242400395	51	121	3778.9171427598203	0.22	923.4578572401797	16	39	1160.6319556893588	0.9466666666666667	3541.743044310641	346	3781	2317.304425641859	0.5866666666666667	2385.070574358141	566	3000	
5291.875	0.0	0	0	0	2272.2431364218182	1.0	3019.631863578182	48	134	4221.903706050378	0.22666666666666666	1069.9712939496217	15	36	1134.831192719817	0.96	4157.0438072801835	327	3455	2424.7028042596994	0.6266666666666667	2867.1721957403	601	3000	
4810.875	0.0	0	0	0	3002.996461139843	1.0	1807.8785388601577	26	94	3821.1561436179763	0.23333333333333334	989.7188563820233	16	49	1082.5762820742634	0.9666666666666667	3728.2987179257366	381	4930	2524.926686964575	0.5333333333333333	2285.9483130354256	602	3000	
4789.25	0.0	0	0	0	3209.098936124358	1.0	1580.151063875642	11	45	3752.1462443463106	0.25333333333333335	1037.1037556536894	20	66	1122.8317660181242	0.9	3666.418233981876	442	6146	2395.0903562903013	0.5666666666666667	2394.1596437096982	593	3000	
4740.625	0.0	0	0	0	2265.6941735212877	1.0	2474.9308264787123	47	117	3576.5911736413464	0.26	1164.0338263586536	20	51	1100.2235972564672	0.9533333333333334	3640.4014027435333	345	4861	2317.270195631311	0.5533333333333333	2423.3548043686897	562	3000	
4590.125	0.0	0	0	0	2986.197628464293	1.0	1603.927371535707	21	50	3520.2285018553102	0.24666666666666667	1069.8964981446895	19	46	1189.669249007061	0.9133333333333333	3400.455750992939	308	2842	2288.5140696879325	0.5533333333333333	2301.6109303120675	539	3000	
4924.375	0.0	0	0	0	2148.9755261523173	1.0	2775.3994738476836	57	157	3864.5696198193978	0.25333333333333335	1059.8053801806022	18	54	1162.4625468619736	0.9466666666666667	3761.912453138026	333	4162	2384.227239725402	0.58	2540.1477602745986	594	3000	
4796.75	0.0	0	0	0	2209.344220019252	1.0	2587.405779980747	46	145	3980.1662026304966	0.24666666666666667	816.5837973695031	18	49	1151.4623835850055	0.9666666666666667	3645.287616414995	349	5134	2195.646250146736	0.5666666666666667	2601.103749853264	551	3000	
4865.75	0.0	0	0	0	2469.530385748657	1.0	2396.219614251343	26	79	3776.5102279872112	0.25333333333333335	1089.2397720127888	19	43	1110.4333928892215	0.96	3755.316607110778	359	3548	2233.6634824158937	0.5733333333333334	2632.086517584106	568	3000	
4960.125	0.0	0	0	0	2213.867373090308	1.0	2746.2576269096917	72	209	3873.3487740795126	0.25333333333333335	1086.7762259204876	19	49	1172.9010291729533	0.9466666666666667	3787.2239708270467	327	3849	2258.235413828808	0.5866666666666667	2701.889586171192	585	3000	
5052.0	0.0	0	0	0	2719.0554496441932	1.0	2332.9445503558063	40	182	4056.2229308689375	0.22	995.7770691310627	14	32	1166.810221643124	0.9333333333333333	3885.1897783568747	334	3329	2571.7459835137706	0.56	2480.2540164862294	595	3000	
4919.375	0.0	0	0	0	2824.2530378009974	1.0	2095.1219621990026	19	66	4082.858561204579	0.24666666666666667	836.5164387954211	18	54	1126.7541681027203	0.9533333333333334	3792.6208318972795	339	4202	2526.9642645832737	0.54	2392.4107354167268	555	3000	
5163.0	0.0	0	0	0	2360.5054051997377	1.0	2802.494594800263	41	88	4110.331230425747	0.26	1052.668769574253	20	60	1115.3445459908512	0.9666666666666667	4047.655454009149	364	4682	2537.0976690121133	0.5666666666666667	2625.902330987887	601	3000	
4624.625	0.0	0	0	0	3011.2932498329747	1.0	1613.3317501670247	12	39	3748.458861650577	0.26	876.1661383494228	22	57	1136.100611123639	0.9	3488.5243888763603	363	4598	2139.103338335865	0.5933333333333334	2485.5216616641355	651	3000	
4384.75	0.0	0	0	0	2356.230728898719	1.0	2028.5192711012812	28	78	3596.06191797108	0.23333333333333334	788.6880820289199	18	48	1154.9549469105227	0.94	3229.795053089478	311	3392	2146.01274421173	0.5066666666666667	2238.7372557882704	516	3000	
4724.0	0.0	0	0	0	2243.7204775879673	1.0	2480.2795224120327	70	218	3890.2697178231	0.26	833.7302821768998	19	84	1148.514338526867	0.9266666666666666	3575.4856614731325	362	3927	2386.2958956412663	0.5333333333333333	2337.704104358734	558	3000	
5129.75	0.0	0	0	0	2532.2990511846374	1.0	2597.4509488153626	38	96	3824.531941428031	0.26666666666666666	1305.2180585719689	21	76	1131.2963808698337	0.94	3998.4536191301668	327	3885	2427.232058108445	0.5733333333333334	2702.517941891555	563	3000	
4758.5	0.0	0	0	0	2973.7241114212343	1.0	1784.7758885787664	24	92	3662.673456934231	0.25333333333333335	1095.826543065769	19	68	1117.0869367228152	0.94	3641.4130632771853	317	3783	2355.9916955273084	0.5666666666666667	2402.508304472692	582	3000	
4869.5	0.0	0	0	0	2197.5418600753437	1.0	2671.9581399246563	56	185	3794.101686400726	0.26	1075.398313599274	20	52	1072.7934381156176	0.9533333333333334	3796.706561884383	331	5099	2381.420610044449	0.56	2488.0793899555506	604	3000	
4944.75	0.0	0	0	0	1967.3944390841498	1.0	2977.3555609158498	45	141	3713.135629014962	0.24666666666666667	1231.614370985038	18	75	1117.3034298618784	0.94	3827.4465701381223	303	3685	2509.68035192969	0.5666666666666667	2435.0696480703104	551	3000	
4886.125	0.0	0	0	0	2609.541326762858	1.0	2276.5836732371413	30	92	3848.1934765415526	0.25333333333333335	1037.9315234584478	20	52	1134.6718487562734	0.9466666666666667	3751.453151243726	361	4442	2198.7425523282254	0.5933333333333334	2687.3824476717746	558	3000	
4743.125	0.0	0	0	0	2015.5521737086833	1.0	2727.5728262913167	74	227	3855.562354664688	0.23333333333333334	887.5626453353119	15	42	1165.7100195530115	0.92	3577.414980446988	322	4741	2151.1853867241975	0.58	2591.9396132758025	576	3000	
4699.875	0.0	0	0	0	2661.679768236263	1.0	2038.1952317637372	34	96	3626.95994323154	0.26	1072.91505676846	22	81	1147.8315213152396	0.9466666666666667	3552.0434786847604	322	4383	2318.7769489342836	0.5533333333333333	2381.098051065716	555	3000	
4780.125	0.0	0	0	0	2295.376107818541	1.0	2484.7488921814584	24	66	3694.1147922190166	0.26	1086.0102077809836	23	76	1089.0128714933571	0.94	3691.112128506643	377	5802	2161.4704342658133	0.6	2618.6545657341867	645	3000	
4743.125	0.0	0	0	0	2367.753971668949	1.0	2375.3710283310506	60	219	3691.118688631591	0.25333333333333335	1052.006311368409	19	60	1301.628645614305	0.9466666666666667	3441.4963543856957	292	3518	2397.6584681399645	0.54	2345.4665318600355	594	3000	
4690.75	0.0	0	0	0	2042.5743464791383	1.0	2648.175653520861	88	267	3607.5431647896658	0.25333333333333335	1083.2068352103347	18	42	1128.1999834235576	0.9466666666666667	3562.550016576443	300	3689	2381.916894509728	0.5533333333333333	2308.833105490272	532	3000	
