6497.375	0.0	0	0	0	4738.31292609724	1.0	1759.0620739027597	25	107	5620.807640639783	0.165	876.5673593602171	13	38	1770.1143693199467	0.87	4727.260630680053	544	6558	3461.861458806711	0.49	3035.513541193289	604	4000	
5878.75	0.0	0	0	0	5126.495569523503	1.0	752.2544304764978	26	114	4987.616996214405	0.195	891.1330037855952	19	49	1780.6302541844518	0.835	4098.1197458155475	470	5662	3370.521332759894	0.435	2508.2286672401056	539	4000	
6696.5	0.0	0	0	0	4944.095616509303	1.0	1752.4043834906956	10	49	5597.818985522434	0.185	1098.6810144775668	18	50	1776.2408195664977	0.865	4920.2591804335025	477	6436	3701.070902538621	0.48	2995.4290974613796	576	4000	
6452.875	0.0	0	0	0	4864.31300929383	1.0	1588.5619907061691	27	105	5343.961667153164	0.195	1108.9133328468363	20	64	1767.126316919017	0.865	4685.748683080983	493	7057	3356.2059267575046	0.495	3096.6690732424963	571	4000	
6383.875	0.0	0	0	0	4360.179239805843	1.0	2023.6957601941558	18	66	5396.942954307053	0.195	986.9320456929476	20	57	1801.4756865747188	0.85	4582.399313425281	527	5525	3386.8758242871	0.49	2996.9991757128996	590	4000	
6432.125	0.0	0	0	0	5113.033877993637	1.0	1319.0911220063626	6	23	5200.61562326966	0.195	1231.5093767303397	19	59	1768.1071968151984	0.865	4664.017803184803	500	6537	3528.460846250163	0.48	2903.664153749837	564	4000	
6358.125	0.0	0	0	0	4820.412393700834	1.0	1537.712606299166	25	101	5381.763568976186	0.18	976.3614310238138	17	39	1767.3527638582614	0.84	4590.772236141738	527	7643	3747.9519823039545	0.46	2610.1730176960455	602	4000	
6072.5	0.0	0	0	0	4904.54790024683	1.0	1167.9520997531702	2	15	5125.839406875408	0.18	946.6605931245917	17	60	1748.293137309003	0.825	4324.206862690997	499	8073	3654.3389465534688	0.455	2418.1610534465317	600	4000	
6401.75	0.0	0	0	0	4039.1409565996832	1.0	2362.609043400317	50	143	5362.642835353409	0.19	1039.1071646465905	18	63	1757.7480195242342	0.82	4644.001980475766	483	6341	3428.7898969680564	0.495	2972.960103031943	650	4000	
6237.125	0.0	0	0	0	5345.315820257268	1.0	891.8091797427312	3	25	5165.53574945687	0.185	1071.5892505431304	17	42	1771.800982074297	0.855	4465.324017925703	537	6845	3508.705724989937	0.44	2728.4192750100624	553	4000	
7052.375	0.0	0	0	0	5327.87610020077	1.0	1724.498899799229	4	24	5792.150143332694	0.195	1260.2248566673059	20	48	1750.152479899209	0.88	5302.22252010079	497	6222	3977.4813414655964	0.5	3074.893658534403	593	4000	
6392.625	0.0	0	0	0	4072.8765024867735	1.0	2319.748497513227	43	136	5508.339808427431	0.175	884.2851915725686	15	35	1736.0049188958121	0.885	4656.620081104188	494	6403	3382.466769718781	0.475	3010.158230281219	625	4000	
6438.75	0.0	0	0	0	4642.311950666221	1.0	1796.4380493337794	10	40	5382.710365067391	0.18	1056.0396349326088	17	38	1743.8753080000702	0.885	4694.8746919999285	507	6319	3353.163045418603	0.48	3085.586954581397	628	4000	
6636.625	0.0	0	0	0	5041.697629676114	1.0	1594.9273703238862	12	69	5629.1574659129155	0.175	1007.4675340870845	17	57	1763.816000235407	0.845	4872.808999764592	497	6879	3789.086465294029	0.47	2847.5385347059714	596	4000	
6071.25	0.0	0	0	0	4735.915436774289	1.0	1335.334563225711	8	43	5057.52587789585	0.19	1013.7241221041508	19	55	1785.7947639936276	0.835	4285.455236006373	453	5981	3287.594200706261	0.465	2783.6557992937387	649	4000	
7187.5	0.0	0	0	0	4335.277058667298	1.0	2852.222941332704	59	197	6172.152538651459	0.195	1015.3474613485414	19	58	1734.257494922556	0.87	5453.242505077444	472	6026	4185.7590576493085	0.5	3001.7409423506915	573	4000	
6665.75	0.0	0	0	0	4709.229196897633	1.0	1956.5208031023676	1	15	5585.338451752439	0.2	1080.411548247561	21	76	1815.3455764723003	0.865	4850.404423527699	452	6798	3528.5967290611134	0.48	3137.1532709388866	641	4000	
6261.25	0.0	0	0	0	4869.5138283270735	1.0	1391.7361716729267	27	106	5358.904389255751	0.185	902.3456107442494	17	50	1793.8285642959302	0.86	4467.42143570407	478	5561	3475.366222396381	0.465	2785.883777603619	588	4000	
6787.125	0.0	0	0	0	4918.575831692571	1.0	1868.5491683074279	21	65	5636.199070497767	0.195	1150.925929502233	24	65	1817.4330839856068	0.845	4969.691916014393	452	4438	3568.25870553344	0.5	3218.8662944665593	577	4000	
6292.0	0.0	0	0	0	4075.32193171053	1.0	2216.6780682894696	21	76	5377.428152045188	0.19	914.5718479548127	19	50	1730.870787573421	0.865	4561.129212426579	519	5910	3316.425622113289	0.48	2975.574377886711	572	4000	
6719.375	0.0	0	0	0	4464.482818491978	1.0	2254.892181508022	18	51	5649.672729686168	0.195	1069.7022703138311	20	63	1782.2022077122244	0.84	4937.172792287776	487	5345	3589.4403023645345	0.475	3129.9346976354655	569	4000	
6406.75	0.0	0	0	0	4364.9391232078715	1.0	2041.8108767921287	41	153	5421.650106932156	0.175	985.0998930678442	16	44	1777.2792443325914	0.865	4629.470755667408	495	6782	3415.3000517487194	0.5	2991.4499482512806	557	4000	
6239.625	0.0	0	0	0	5774.660336501904	1.0	464.964663498097	2	17	5398.724213297897	0.18	840.9007867021021	20	63	1743.913614484846	0.84	4495.711385515154	504	7331	3553.2657634804427	0.45	2686.3592365195577	586	4000	
6868.625	0.0	0	0	0	4141.500604903472	1.0	2727.1243950965286	31	79	5621.304041474854	0.18	1247.3209585251466	17	49	1764.6898622364042	0.865	5103.935137763596	499	6013	3561.0032179266086	0.5	3307.6217820733914	582	4000	
6329.0	0.0	0	0	0	4686.811363556978	1.0	1642.1886364430222	8	42	5307.603847628534	0.195	1021.3961523714665	19	58	1777.3363031413521	0.825	4551.663696858648	466	5772	3583.130161453191	0.46	2745.86983854681	631	4000	
6645.375	0.0	0	0	0	4018.4367226132917	1.0	2626.938277386708	68	232	5697.190611598064	0.165	948.1843884019364	13	32	1846.6772067805523	0.875	4798.697793219448	452	4691	3525.9704174636063	0.5	3119.4045825363933	560	4000	
6474.5	0.0	0	0	0	4815.402163008502	1.0	1659.0978369914997	49	161	5500.008144904973	0.19	974.4918550950271	21	63	1725.4739852723892	0.865	4749.02601472761	539	7072	3630.749283010681	0.46	2843.7507169893192	587	4000	
6590.5	0.0	0	0	0	4670.206435556675	1.0	1920.2935644433255	11	42	5539.06422741047	0.19	1051.4357725895297	18	56	1774.03991616582	0.87	4816.460083834179	549	8231	3435.0242774355856	0.5	3155.4757225644144	659	4000	
6084.125	0.0	0	0	0	4884.788041442316	1.0	1199.3369585576836	4	20	5079.520674483601	0.195	1004.6043255163988	20	72	1830.7698390376322	0.84	4253.355160962368	447	4261	3244.5943835258777	0.45	2839.530616474123	578	4000	
6348.125	0.0	0	0	0	5155.497836899425	1.0	1192.6271631005743	5	27	5252.340090993334	0.185	1095.7849090066657	17	55	1731.9595684303297	0.86	4616.16543156967	487	7725	3610.5032327361596	0.46	2737.6217672638404	566	4000	
6687.375	0.0	0	0	0	4672.856787365168	1.0	2014.5182126348311	14	39	5595.324452057663	0.17	1092.050547942337	14	39	1793.4073197438415	0.87	4893.967680256158	511	6868	3465.2288926996102	0.5	3222.14610730039	624	4000	
6401.75	0.0	0	0	0	4797.405577810047	1.0	1604.3444221899522	29	77	5490.122856012096	0.19	911.6271439879041	18	55	1713.8201202635441	0.875	4687.929879736457	580	10330	3541.0070169171495	0.48	2860.7429830828505	583	4000	
7104.75	0.0	0	0	0	4382.092379191362	1.0	2722.6576208086385	44	140	5986.570936494189	0.18	1118.1790635058119	19	51	1792.0725777594878	0.86	5312.677422240512	499	6303	3851.0510160062586	0.5	3253.6989839937414	670	4000	
6530.625	0.0	0	0	0	5157.0804053388865	1.0	1373.544594661114	7	31	5591.215428659736	0.175	939.4095713402636	16	42	1754.6729103634302	0.85	4775.95208963657	486	5946	3576.7492380697686	0.485	2953.8757619302314	568	4000	
6341.875	0.0	0	0	0	4135.173200872016	1.0	2206.7017991279836	62	190	5290.618629640379	0.185	1051.2563703596209	18	47	1784.4262378177998	0.855	4557.4487621822	436	4157	3427.872532756544	0.495	2914.0024672434556	577	4000	
6603.375	0.0	0	0	0	5048.612357018338	1.0	1554.7626429816612	16	90	5419.201315676181	0.185	1184.1736843238182	17	45	1823.0498135064377	0.855	4780.325186493562	506	6384	3571.0253693932245	0.475	3032.3496306067764	599	4000	
6177.25	0.0	0	0	0	5111.7387588963575	1.0	1065.5112411036414	2	21	5108.763058002658	0.185	1068.486941997342	18	52	1744.569567316379	0.845	4432.680432683621	492	7432	3280.3030792688564	0.5	2896.946920731143	606	4000	
6110.75	0.0	0	0	0	5482.695405738469	1.0	628.0545942615308	2	16	5066.598401717991	0.185	1044.1515982820097	20	56	1785.3131213323556	0.83	4325.436878667644	493	6073	3338.488629221635	0.455	2772.261370778365	563	4000	
6387.625	0.0	0	0	0	4808.218075078939	1.0	1579.4069249210602	10	42	5263.759521865488	0.19	1123.8654781345124	19	57	1788.4680668844737	0.86	4599.156933115526	467	5394	3401.4538779621626	0.5	2986.171122037838	628	4000	
6276.625	0.0	0	0	0	5349.703416123624	1.0	926.9215838763758	2	18	5342.121619008021	0.2	934.5033809919793	21	55	1768.1144770117166	0.885	4508.510522988283	569	6906	3440.977438057216	0.445	2835.647561942784	557	4000	
6200.125	0.0	0	0	0	5345.965931748422	1.0	854.159068251577	2	14	5180.555710396452	0.19	1019.569289603548	18	41	1740.4058434044402	0.86	4459.719156595559	525	7526	3588.9390300284267	0.44	2611.1859699715733	593	4000	
6381.375	0.0	0	0	0	4925.2632510459625	1.0	1456.1117489540375	26	91	5468.130616408399	0.19	913.244383591601	21	56	1712.7023906488319	0.835	4668.672609351168	550	8707	3469.5997460506514	0.475	2911.775253949349	590	4000	
6420.875	0.0	0	0	0	5144.754325910569	1.0	1276.1206740894306	22	81	5528.756583689966	0.175	892.1184163100341	15	41	1753.275171526037	0.85	4667.599828473962	517	6759	3333.9154186255346	0.5	3086.9595813744663	623	4000	
7108.5	0.0	0	0	0	5267.226310688864	1.0	1841.2736893111355	6	26	5997.57069875128	0.195	1110.9293012487192	19	56	1774.838382162988	0.88	5333.661617837012	549	8098	3952.608872061067	0.5	3155.8911279389336	569	4000	
6417.125	0.0	0	0	0	5481.025283791172	1.0	936.099716208827	5	26	5653.765011672004	0.165	763.3599883279956	13	29	1793.266711903207	0.835	4623.858288096793	537	7659	3584.890677949422	0.475	2832.234322050578	606	4000	
7053.625	0.0	0	0	0	4683.840204848441	1.0	2369.7847951515587	36	134	5960.56943717073	0.19	1093.0555628292698	18	56	1705.8875130582835	0.905	5347.737486941716	525	7568	3812.537304717549	0.5	3241.087695282452	597	4000	
6570.125	0.0	0	0	0	5302.140222524661	1.0	1267.984777475339	3	15	5416.139845735528	0.195	1153.985154264472	21	52	1741.7793412964618	0.88	4828.345658703539	598	8636	3419.5355146272655	0.485	3150.589485372735	573	4000	
6035.5	0.0	0	0	0	5216.383193967005	1.0	819.1168060329945	11	52	4946.241888172181	0.195	1089.25811182782	20	50	1753.6561088993699	0.845	4281.843891100631	494	8600	3443.664144820851	0.46	2591.835855179149	593	4000	
6695.25	0.0	0	0	0	5785.114590649088	1.0	910.1354093509118	6	32	5786.049872989087	0.18	909.2001270109132	19	50	1824.2823294187058	0.82	4870.967670581294	530	6978	3439.53900683832	0.5	3255.710993161681	590	4000	
6460.375	0.0	0	0	0	3966.336784729667	1.0	2494.0382152703323	49	183	5584.223675535196	0.19	876.1513244648039	20	61	1789.1711759486766	0.855	4671.203824051324	492	5627	3388.826724061616	0.5	3071.5482759383835	590	4000	
6945.125	0.0	0	0	0	5004.040113626288	1.0	1941.0848863737126	17	60	5761.812184983383	0.195	1183.3128150166167	19	53	1771.892462869798	0.88	5173.2325371302	484	6252	3942.8357623806537	0.47	3002.2892376193467	588	4000	
6367.25	0.0	0	0	0	5271.847989595049	1.0	1095.4020104049514	7	30	5361.873315675553	0.195	1005.376684324446	19	54	1737.2163288741501	0.86	4630.0336711258515	532	7333	3654.253527857974	0.455	2712.9964721420256	562	4000	
6599.625	0.0	0	0	0	4785.293962104646	1.0	1814.3310378953538	9	36	5590.796053261223	0.175	1008.8289467387763	17	44	1821.6567559984824	0.855	4777.9682440015185	416	4338	3421.702012849247	0.48	3177.922987150754	630	4000	
6409.25	0.0	0	0	0	5377.985068063177	1.0	1031.2649319368231	3	14	5428.4640431069165	0.19	980.7859568930838	20	48	1828.2354746075825	0.85	4581.014525392417	390	3812	3826.9631779250867	0.45	2582.2868220749133	568	4000	
6150.25	0.0	0	0	0	4596.106801084519	1.0	1554.143198915481	13	64	5244.671077742742	0.185	905.5789222572574	18	57	1816.5746869440236	0.835	4333.675313055976	422	4289	3516.1322892583394	0.46	2634.11771074166	618	4000	
6452.875	0.0	0	0	0	4300.605842832103	1.0	2152.269157167897	66	228	5395.957883586607	0.19	1056.9171164133925	18	48	1801.6825490941424	0.85	4651.192450905857	500	6200	3477.019628273795	0.48	2975.8553717262043	578	4000	
6257.5	0.0	0	0	0	4752.207812893256	1.0	1505.292187106744	16	55	5227.501180334728	0.2	1029.9988196652714	24	77	1702.8593715873365	0.85	4554.640628412663	486	8650	3637.544184295418	0.45	2619.955815704582	574	4000	
6665.75	0.0	0	0	0	5332.908503756616	1.0	1332.841496243384	12	83	5694.698814289779	0.165	971.0511857102204	13	31	1732.1237207637766	0.865	4933.626279236223	515	7473	3728.164574698102	0.495	2937.5854253018983	671	4000	
6683.625	0.0	0	0	0	4518.17695001846	1.0	2165.4480499815395	25	94	5685.382706673403	0.19	998.2422933265965	20	65	1704.9926804955066	0.88	4978.632319504493	509	7653	3776.912559119617	0.465	2906.712440880383	587	4000	
7035.75	0.0	0	0	0	4250.588838204618	1.0	2785.161161795382	75	270	5943.5155927931555	0.17	1092.2344072068443	14	44	1787.9339198264333	0.885	5247.816080173566	497	6878	3752.535473019214	0.5	3283.2145269807866	635	4000	
6311.125	0.0	0	0	0	4216.523659171569	1.0	2094.6013408284316	65	239	5444.076165976763	0.18	867.0488340232372	16	37	1728.9406648260485	0.86	4582.184335173951	550	7630	3371.724741894058	0.5	2939.400258105942	693	4000	
6775.5	0.0	0	0	0	5275.236258034003	1.0	1500.2637419659966	4	18	5729.773044457124	0.19	1045.7269555428754	19	45	1761.8417401991826	0.865	5013.658259800817	455	5263	3589.205195982272	0.5	3186.2948040177275	636	4000	
6345.625	0.0	0	0	0	5086.590389651427	1.0	1259.0346103485724	2	22	5152.025376571597	0.19	1193.5996234284032	21	71	1728.3592614799086	0.845	4617.265738520091	526	8273	3501.805350468686	0.465	2843.819649531314	577	4000	
6678.625	0.0	0	0	0	3439.477756479821	1.0	3239.147243520179	107	291	5681.688950488708	0.185	996.9360495112924	19	69	1828.5275927600642	0.875	4850.097407239936	411	3730	3466.3366720246313	0.5	3212.2883279753682	574	4000	
6903.125	0.0	0	0	0	5132.491952870652	1.0	1770.6330471293481	0	10	5859.519208593328	0.175	1043.605791406672	15	39	1784.7071332700393	0.87	5118.417866729959	500	5584	3805.748713293566	0.495	3097.3762867064333	556	4000	
6572.625	0.0	0	0	0	5233.787606565094	1.0	1338.837393434905	29	116	5656.694443524306	0.19	915.9305564756943	18	54	1906.4961630894998	0.88	4666.1288369105	419	3644	3473.900467724411	0.495	3098.7245322755884	642	4000	
6367.25	0.0	0	0	0	6209.163609694119	1.0	158.08639030588225	7	35	5523.852901600674	0.17	843.3970983993254	14	36	1704.352269060258	0.86	4662.897730939743	564	10752	3740.5575410818087	0.465	2626.6924589181913	604	4000	
6330.25	0.0	0	0	0	5694.821502165491	1.0	635.4284978345099	0	10	5418.777441524637	0.17	911.4725584753633	14	35	1768.5175996336982	0.845	4561.732400366301	506	6400	3582.1996351732187	0.47	2748.0503648267813	609	4000	
6424.625	0.0	0	0	0	5050.169839347809	1.0	1374.4551606521914	10	49	5461.524619588481	0.18	963.1003804115192	18	47	1809.0896662941188	0.845	4615.5353337058805	471	4992	3472.800173375023	0.49	2951.8248266249766	684	4000	
6207.625	0.0	0	0	0	5401.079482046756	1.0	806.5455179532444	0	10	5141.195720341575	0.195	1066.429279658425	20	62	1795.806216924282	0.885	4411.818783075718	511	5205	3324.109166949827	0.45	2883.5158330501736	590	4000	
6270.375	0.0	0	0	0	4868.764479915709	1.0	1401.6105200842912	11	50	5113.306540975616	0.19	1157.0684590243839	19	63	1704.6139397561	0.83	4565.7610602439	515	8853	3650.589336678363	0.485	2619.7856633216375	619	4000	
6462.875	0.0	0	0	0	5489.012737660146	1.0	973.8622623398546	1	14	5380.847397221832	0.185	1082.0276027781683	19	57	1747.6580077520878	0.85	4715.2169922479125	465	7496	3542.8437650015894	0.5	2920.03123499841	567	4000	
6573.875	0.0	0	0	0	3789.5582551803363	1.0	2784.316744819664	44	130	5589.724261456918	0.18	984.1507385430824	17	46	1877.455285591236	0.85	4696.419714408765	455	4854	3366.8725502272164	0.5	3207.002449772783	601	4000	
6202.625	0.0	0	0	0	4849.7537701930505	1.0	1352.8712298069493	8	40	5368.360114864274	0.16	834.2648851357267	12	28	1713.3074322329499	0.865	4489.31756776705	532	8276	3460.222868857043	0.465	2742.402131142958	593	4000	
6461.625	0.0	0	0	0	4620.34724493802	1.0	1841.2777550619803	18	75	5402.629527823932	0.19	1058.9954721760673	18	52	1804.8613199399128	0.855	4656.763680060088	497	5983	3451.2539548870677	0.48	3010.371045112933	558	4000	
6250.0	0.0	0	0	0	5019.876147537287	1.0	1230.1238524627124	3	21	5379.897719929431	0.17	870.1022800705682	14	35	1799.972617646736	0.815	4450.027382353263	494	7201	3337.7972574496216	0.465	2912.202742550378	635	4000	
6586.75	0.0	0	0	0	4362.896734989756	1.0	2223.853265010245	11	38	5667.7819654771765	0.16	918.9680345228234	12	29	1770.3836226715664	0.865	4816.366377328433	517	6896	3521.350362149483	0.495	3065.3996378505176	592	4000	
6423.375	0.0	0	0	0	5691.348119223971	1.0	732.0268807760292	0	10	5492.601625020215	0.195	930.7733749797852	20	61	1731.7288858973154	0.845	4691.646114102684	549	9765	3484.534200298471	0.49	2938.8407997015292	578	4000	
6317.375	0.0	0	0	0	5010.733921600797	1.0	1306.6410783992033	12	38	5337.651800329935	0.19	979.7231996700652	18	52	1796.009187864952	0.855	4521.365812135047	476	6443	3653.5623127578156	0.445	2663.8126872421844	573	4000	
6642.875	0.0	0	0	0	3863.876905156533	1.0	2778.9980948434663	69	245	5542.538350968819	0.195	1100.3366490311807	20	62	1760.5392940038626	0.87	4882.335705996137	416	4857	3563.2626682653936	0.5	3079.6123317346064	639	4000	
6329.0	0.0	0	0	0	5025.211338203484	1.0	1303.788661796516	1	11	5252.19451276144	0.2	1076.8054872385605	20	59	1766.5819468258167	0.855	4562.418053174184	519	7494	3581.294248149374	0.46	2747.7057518506253	666	4000	
6696.5	0.0	0	0	0	5026.073776386927	1.0	1670.426223613073	16	78	5652.982611753909	0.19	1043.5173882460917	20	78	1796.046974227747	0.87	4900.453025772253	499	6276	3558.377392837984	0.5	3138.122607162017	632	4000	
6686.125	0.0	0	0	0	5005.119801594834	1.0	1681.0051984051668	10	43	5738.612899452415	0.175	947.5121005475849	15	39	1788.6835146091087	0.89	4897.441485390891	476	4869	3606.627247559291	0.49	3079.4977524407086	588	4000	
6219.25	0.0	0	0	0	5798.418096729384	1.0	420.83190327061686	1	14	5142.842106508642	0.195	1076.407893491358	20	51	1719.2649705889146	0.855	4499.985029411086	545	8066	3450.5461610255634	0.485	2768.703838974436	579	4000	
6332.75	0.0	0	0	0	5710.988671250891	1.0	621.7613287491096	1	15	5336.226459252164	0.19	996.5235407478357	18	55	1741.2934929352741	0.84	4591.456507064726	513	7981	3298.3859479519733	0.5	3034.3640520480258	574	4000	
6589.25	0.0	0	0	0	5343.066421278004	1.0	1246.1835787219966	14	50	5588.255129809151	0.195	1000.9948701908487	19	58	1831.141373227184	0.87	4758.108626772815	440	5255	3568.95417025609	0.475	3020.295829743909	701	4000	
6551.0	0.0	0	0	0	5165.97455957901	1.0	1385.0254404209895	10	40	5520.179827101783	0.195	1030.8201728982167	21	63	1828.5079249009614	0.84	4722.492075099039	442	4003	3635.89106852966	0.465	2915.108931470339	594	4000	
6515.25	0.0	0	0	0	4090.4372504853022	1.0	2424.8127495146978	65	222	5412.640971186317	0.195	1102.609028813683	19	55	1764.7317908381144	0.84	4750.518209161886	518	5954	3465.2190188084674	0.495	3050.030981191533	593	4000	
6590.5	0.0	0	0	0	4853.497275178026	1.0	1737.0027248219735	17	60	5648.921331171192	0.18	941.5786688288088	16	47	1770.1997099874504	0.87	4820.300290012551	485	6956	3334.0471599762086	0.5	3256.4528400237914	581	4000	
6841.625	0.0	0	0	0	4450.674118610782	1.0	2390.9508813892185	42	136	5838.879515365093	0.175	1002.7454846349071	15	37	1699.8732819279587	0.88	5141.7517180720415	516	8659	3773.051706477082	0.49	3068.5732935229175	604	4000	
6147.75	0.0	0	0	0	4348.929278064464	1.0	1798.820721935536	13	40	5270.23474983663	0.195	877.51525016337	19	65	1782.607854821922	0.84	4365.142145178079	516	6552	3270.2483611220246	0.48	2877.501638877975	569	4000	
6670.75	0.0	0	0	0	4906.9526240894365	1.0	1763.7973759105626	18	88	5729.738309983868	0.17	941.011690016132	14	35	1745.8330900325693	0.875	4924.916909967431	525	6289	3562.157103851359	0.49	3108.592896148641	586	4000	
6366.0	0.0	0	0	0	5211.731054327781	1.0	1154.2689456722192	1	11	5249.853563543054	0.2	1116.1464364569463	20	60	1741.5181250597948	0.85	4624.481874940205	457	5903	3585.894314690708	0.465	2780.105685309292	644	4000	
6289.5	0.0	0	0	0	4474.453929720585	1.0	1815.046070279415	17	76	5405.81949884213	0.165	883.6805011578699	13	30	1835.4667029686339	0.83	4454.033297031366	446	5606	3400.398776561704	0.47	2889.101223438296	568	4000	
6640.375	0.0	0	0	0	4867.349685982544	1.0	1773.0253140174568	20	75	5406.572267455095	0.185	1233.8027325449048	17	59	1753.2101407036523	0.875	4887.1648592963475	512	7779	3411.994583364926	0.495	3228.3804166350737	574	4000	
6317.375	0.0	0	0	0	4405.050623938647	1.0	1912.324376061352	29	113	5273.232034257052	0.185	1044.142965742948	17	48	1777.4362565573206	0.845	4539.93874344268	501	6334	3428.0577650133664	0.47	2889.3172349866336	565	4000	
6298.25	0.0	0	0	0	3588.3357957142384	1.0	2709.9142042857625	69	205	5421.60612838855	0.185	876.6438716114499	18	44	1782.3469447314333	0.835	4515.903055268565	493	6738	3416.3982060004237	0.475	2881.851793999576	654	4000	
6514.0	0.0	0	0	0	4636.986990944097	1.0	1877.0130090559028	20	67	5457.138030497027	0.185	1056.861969502973	19	38	1726.082310027558	0.86	4787.917689972442	557	8329	3309.2731678439095	0.5	3204.7268321560914	582	4000	
6335.25	0.0	0	0	0	5379.712500960582	1.0	955.5374990394191	14	63	5436.7293343199435	0.175	898.5206656800564	15	40	1707.3036676426168	0.865	4627.946332357384	596	11796	3645.3306703707976	0.47	2689.919329629203	594	4000	
6238.375	0.0	0	0	0	4945.026867282548	1.0	1293.3481327174527	23	85	5245.937939095656	0.19	992.4370609043447	19	60	1765.1751464535166	0.845	4473.199853546483	538	7666	3384.0463043128466	0.49	2854.3286956871534	596	4000	
6664.5	0.0	0	0	0	5179.141882534048	1.0	1485.3581174659525	0	10	5533.548967203653	0.19	1130.9510327963476	19	54	1776.064244765717	0.84	4888.435755234283	494	6247	3624.8439902471764	0.5	3039.656009752823	602	4000	
6492.375	0.0	0	0	0	4045.6538122019774	1.0	2446.721187798022	43	170	5392.484515816897	0.195	1099.8904841831031	20	50	1769.3312821092939	0.84	4723.043717890707	445	5405	3435.3680238860297	0.48	3057.00697611397	603	4000	
6609.625	0.0	0	0	0	5171.008743902	1.0	1438.6162560979994	1	11	5684.3546746424245	0.19	925.2703253575758	19	51	1731.0766688384113	0.875	4878.548331161589	504	6231	3554.707651834252	0.5	3054.9173481657476	606	4000	
6760.125	0.0	0	0	0	4381.51320341405	1.0	2378.6117965859507	10	39	5742.132251190315	0.17	1017.9927488096847	16	49	1812.1104629043737	0.865	4948.014537095625	434	4441	3684.2761539491407	0.5	3075.8488460508593	588	4000	
6460.375	0.0	0	0	0	4987.702427617535	1.0	1472.672572382466	8	41	5424.9343106687265	0.19	1035.4406893312735	19	53	1743.7711800364434	0.855	4716.603819963556	496	6997	3504.7847552043563	0.485	2955.5902447956432	652	4000	
6334.0	0.0	0	0	0	4915.326030960745	1.0	1418.673969039255	12	49	5376.828492903659	0.185	957.1715070963412	19	68	1840.1931394960443	0.85	4493.806860503955	426	3874	3530.741348033307	0.465	2803.2586519666925	598	4000	
5979.375	0.0	0	0	0	4742.616176137493	1.0	1236.7588238625071	5	25	4952.071002676754	0.18	1027.3039973232464	16	42	1773.852304074535	0.835	4205.522695925465	465	5614	3377.0143964533727	0.44	2602.360603546628	536	4000	
6461.625	0.0	0	0	0	4266.597379327672	1.0	2195.0276206723283	15	61	5523.438579996662	0.185	938.1864200033374	17	43	1762.3524717977791	0.855	4699.272528202221	463	4585	3517.6804850509416	0.485	2943.944514949059	579	4000	
6704.0	0.0	0	0	0	5730.402488038216	1.0	973.5975119617854	3	17	5704.354154985664	0.19	999.6458450143368	18	57	1732.8680110266032	0.88	4971.131988973397	495	7323	3733.2138204112753	0.475	2970.786179588725	625	4000	
6156.875	0.0	0	0	0	4017.0387116081138	1.0	2139.8362883918862	22	68	5128.58372540068	0.19	1028.2912745993203	18	63	1731.7806535894292	0.855	4425.09434641057	476	8064	3344.3779416599605	0.46	2812.49705834004	572	4000	
6454.125	0.0	0	0	0	4201.478194408458	1.0	2252.646805591543	59	205	5371.596883064103	0.185	1082.528116935897	17	42	1755.0541779148994	0.835	4699.070822085102	482	7072	3479.64060952011	0.5	2974.48439047989	563	4000	
5957.75	0.0	0	0	0	5099.078814776403	1.0	858.6711852235962	3	22	5065.493112845992	0.185	892.2568871540083	19	40	1746.13795551313	0.84	4211.61204448687	439	5547	3251.9002970656547	0.48	2705.8497029343453	601	4000	
6302.375	0.0	0	0	0	5092.914877691187	1.0	1209.4601223088132	1	11	5228.456672474158	0.185	1073.9183275258417	17	52	1778.591708724271	0.825	4523.7832912757285	478	6280	3226.557914697614	0.485	3075.817085302386	590	4000	
6535.625	0.0	0	0	0	4460.474425536565	1.0	2075.150574463435	31	83	5519.359073858154	0.18	1016.2659261418457	16	47	1803.738715269605	0.87	4731.886284730395	490	5627	3463.3086572116595	0.49	3072.31634278834	562	4000	
6020.125	0.0	0	0	0	5715.8448250148895	1.0	304.2801749851109	4	34	4880.326771499022	0.2	1139.7982285009784	21	66	1754.3656832546455	0.85	4265.759316745354	565	10158	3476.250959272664	0.435	2543.874040727336	575	4000	
6181.0	0.0	0	0	0	4633.881310630098	1.0	1547.1186893699019	12	38	5197.807839053968	0.18	983.1921609460326	17	48	1840.3957639900575	0.835	4340.604236009942	435	3771	3424.8313692319553	0.47	2756.1686307680447	601	4000	
6462.875	0.0	0	0	0	4052.046491884202	1.0	2410.828508115798	56	173	5352.58656643545	0.195	1110.2884335645506	21	62	1803.164214401471	0.875	4659.71078559853	472	5657	3417.351021583765	0.5	3045.523978416234	577	4000	
6626.25	0.0	0	0	0	4480.519153743093	1.0	2145.730846256907	23	74	5472.853883606877	0.185	1153.3961163931228	18	44	1739.066094799394	0.865	4887.183905200605	562	10311	3490.103831228259	0.5	3136.1461687717406	606	4000	
6438.75	0.0	0	0	0	4786.955313418908	1.0	1651.7946865810918	13	63	5379.571698016019	0.19	1059.1783019839816	18	55	1725.6650782763058	0.845	4713.084921723694	522	9290	3348.6339564462946	0.5	3090.116043553706	583	4000	
6567.625	0.0	0	0	0	4801.3119749576945	1.0	1766.313025042305	59	202	5552.464871245018	0.185	1015.1601287549817	18	61	1748.5506670786212	0.875	4819.074332921378	550	7476	3523.362722315003	0.47	3044.2622776849967	577	4000	
6423.375	0.0	0	0	0	5321.671056863072	1.0	1101.703943136928	4	21	5453.116404555134	0.18	970.2585954448657	16	40	1787.619906855056	0.845	4635.755093144944	468	5144	3619.275392193077	0.475	2804.099607806923	629	4000	
6371.0	0.0	0	0	0	5654.368222178428	1.0	716.6317778215712	11	26	5225.67688963458	0.19	1145.3231103654198	19	54	1753.598324518756	0.875	4617.401675481243	534	6465	3516.365097962042	0.485	2854.634902037958	561	4000	
6350.625	0.0	0	0	0	4961.584207380318	1.0	1389.0407926196824	5	23	5320.0028656785635	0.19	1030.622134321437	19	50	1778.4849750110523	0.835	4572.140024988948	479	6918	3532.8868439349653	0.465	2817.7381560650356	563	4000	
6309.875	0.0	0	0	0	4616.545274039482	1.0	1693.3297259605179	29	104	5328.293934335481	0.185	981.5810656645184	18	49	1740.4293695843487	0.86	4569.445630415651	516	7756	3399.4314613208553	0.47	2910.4435386791442	561	4000	
6512.75	0.0	0	0	0	4808.8256385664845	1.0	1703.9243614335167	26	97	5505.19234252856	0.19	1007.5576574714397	19	60	1749.4524313085717	0.845	4763.297568691429	525	7531	3630.015353293346	0.46	2882.734646706654	567	4000	
6598.0	0.0	0	0	0	4922.627395377395	1.0	1675.3726046226056	23	85	5562.607365210738	0.18	1035.392634789262	16	53	1694.5311366730507	0.89	4903.46886332695	587	10294	3728.240145829339	0.475	2869.759854170661	618	4000	
6457.875	0.0	0	0	0	3671.3506190387807	1.0	2786.52438096122	29	81	5458.207104841153	0.17	999.6678951588476	14	36	1741.5996248225422	0.86	4716.275375177458	493	7907	3324.66013523781	0.5	3133.21486476219	616	4000	
6687.375	0.0	0	0	0	4449.179237640794	1.0	2238.195762359206	3	17	5613.87252815151	0.195	1073.5024718484901	20	56	1777.64468744946	0.88	4909.7303125505405	447	6222	3563.803129334742	0.5	3123.5718706652583	579	4000	
6468.25	0.0	0	0	0	4727.489125604966	1.0	1740.7608743950334	13	72	5505.6431368826925	0.18	962.6068631173073	17	37	1805.7460679639994	0.845	4662.503932036	480	5311	3455.784888115012	0.495	3012.465111884988	645	4000	
6219.25	0.0	0	0	0	4725.547267901512	1.0	1493.7027320984878	20	90	5203.081830462635	0.185	1016.1681695373657	17	36	1761.8380154831234	0.84	4457.411984516876	515	8066	3326.7259317535195	0.495	2892.5240682464805	607	4000	
6272.875	0.0	0	0	0	4262.612200334429	1.0	2010.2627996655715	25	85	5336.401060421361	0.185	936.4739395786393	18	60	1752.9646431234594	0.86	4519.91035687654	445	6510	3450.425346548036	0.47	2822.449653451964	580	4000	
6368.5	0.0	0	0	0	4209.329686412352	1.0	2159.1703135876483	27	86	5329.909093433669	0.185	1038.5909065663304	18	57	1796.40164425036	0.84	4572.098355749639	497	6173	3302.096841795114	0.5	3066.403158204886	627	4000	
6445.0	0.0	0	0	0	4453.71967681176	1.0	1991.2803231882394	34	111	5383.435207348053	0.195	1061.5647926519462	20	50	1755.2055565929118	0.87	4689.794443407088	506	7119	3355.148526523456	0.49	3089.8514734765436	557	4000	
6516.5	0.0	0	0	0	4319.185488771002	1.0	2197.3145112289976	36	96	5450.892860155286	0.195	1065.6071398447139	19	69	1762.4120538617417	0.88	4754.087946138257	511	6660	3484.353651421727	0.5	3032.146348578273	647	4000	
6401.75	0.0	0	0	0	5384.542838848904	1.0	1017.2071611510952	1	15	5410.526962317221	0.165	991.223037682779	13	36	1780.7964004988312	0.865	4620.953599501169	447	5192	3576.463479357082	0.465	2825.286520642917	612	4000	
6438.75	0.0	0	0	0	4446.607824417312	1.0	1992.1421755826873	4	18	5335.629738317457	0.19	1103.1202616825428	18	58	1813.7296128291782	0.84	4625.020387170824	503	6415	3505.179299639027	0.48	2933.570700360973	613	4000	
6330.25	0.0	0	0	0	4869.737396868407	1.0	1460.5126031315924	15	82	5297.377270126618	0.185	1032.8727298733822	17	46	1756.969526006881	0.89	4573.280473993118	524	6334	3508.833401543262	0.455	2821.4165984567385	596	4000	
6218.0	0.0	0	0	0	4534.022640994575	1.0	1683.9773590054256	17	63	5262.738226359949	0.18	955.2617736400507	16	56	1727.166887681754	0.865	4490.833112318247	557	8588	3243.944367183655	0.495	2974.0556328163448	598	4000	
6420.875	0.0	0	0	0	5140.170911101414	1.0	1280.7040888985862	7	35	5699.5795710212315	0.165	721.2954289787682	13	32	1743.9837491684393	0.825	4676.891250831561	520	9212	3519.2155025598368	0.465	2901.6594974401632	577	4000	
6368.5	0.0	0	0	0	5501.568049428592	1.0	866.9319505714082	9	53	5372.966544652218	0.175	995.5334553477819	15	39	1721.022253282904	0.865	4647.477746717095	504	8325	3588.839245360328	0.465	2779.660754639672	538	4000	
6420.875	0.0	0	0	0	4159.739093977075	1.0	2261.135906022926	57	151	5452.374607051081	0.18	968.5003929489188	18	50	1769.8193558730034	0.835	4651.0556441269955	523	8532	3416.2073119082866	0.475	3004.667688091713	587	4000	
6293.25	0.0	0	0	0	5407.873558094174	1.0	885.3764419058245	3	21	5342.259605213612	0.185	950.9903947863882	17	57	1721.1008452276708	0.84	4572.14915477233	508	7702	3453.5874851346866	0.485	2839.6625148653134	602	4000	
6171.875	0.0	0	0	0	5253.0290671977855	1.0	918.8459328022145	2	19	5291.886694074226	0.17	879.988305925774	14	35	1758.2134225303748	0.83	4413.661577469626	581	9069	3387.3855358764886	0.46	2784.489464123512	600	4000	
6811.25	0.0	0	0	0	4920.870734170966	1.0	1890.379265829035	26	81	5708.3713046261	0.185	1102.8786953739004	17	51	1830.1579725769927	0.87	4981.092027423008	421	4474	3761.692578558511	0.475	3049.557421441489	678	4000	
6520.25	0.0	0	0	0	4586.847274445019	1.0	1933.4027255549809	24	59	5491.200707603088	0.195	1029.0492923969118	20	70	1749.8317179849744	0.89	4770.418282015025	545	8711	3460.904285871704	0.48	3059.3457141282956	597	4000	
6331.5	0.0	0	0	0	4854.156162459892	1.0	1477.3438375401076	3	25	5358.889877279662	0.185	972.6101227203385	18	46	1754.999099936555	0.845	4576.500900063445	564	7946	3583.473440651855	0.475	2748.026559348145	625	4000	
6165.625	0.0	0	0	0	5144.270227868891	1.0	1021.3547721311081	11	42	5208.987222038013	0.185	956.6377779619872	19	57	1757.0160453564	0.85	4408.6089546436	566	9981	3303.2200113701956	0.48	2862.404988629805	557	4000	
6750.125	0.0	0	0	0	5476.329493431095	1.0	1273.7955065689043	1	14	5578.943212761271	0.2	1171.1817872387296	20	62	1760.5781526991402	0.855	4989.5468473008605	537	7965	3670.2427479819066	0.5	3079.882252018094	575	4000	
6346.875	0.0	0	0	0	4504.269062057414	1.0	1842.6059379425856	8	33	5412.776560997518	0.185	934.0984390024819	17	44	1772.4042489385488	0.845	4574.470751061452	445	5733	3390.613723548331	0.475	2956.2612764516684	639	4000	
6198.875	0.0	0	0	0	5301.785608847711	1.0	897.0893911522893	0	10	5178.227097323665	0.19	1020.6479026763359	19	53	1763.4217060872124	0.83	4435.453293912788	510	7214	3450.625083413893	0.45	2748.249916586107	560	4000	
6440.0	0.0	0	0	0	4639.207253165618	1.0	1800.7927468343817	28	98	5282.927999147498	0.185	1157.0720008525027	18	55	1715.9384585298008	0.86	4724.061541470199	567	8687	3554.0255515927174	0.48	2885.974448407283	568	4000	
6129.875	0.0	0	0	0	5085.813812885852	1.0	1044.0611871141489	3	20	5214.76453944178	0.185	915.1104605582206	18	68	1850.8252070602402	0.83	4279.04979293976	407	4294	3227.4451910781763	0.485	2902.4298089218237	612	4000	
6433.375	0.0	0	0	0	4646.519665932803	1.0	1786.8553340671965	5	27	5417.250230410112	0.195	1016.1247695898886	19	61	1759.7711354166195	0.87	4673.6038645833805	430	5340	3729.71686330197	0.465	2703.6581366980295	557	4000	
6176.0	0.0	0	0	0	4378.120211847711	1.0	1797.8797881522896	20	91	5246.954609048826	0.185	929.0453909511746	17	49	1728.215009170853	0.85	4447.784990829147	501	7358	3204.7757814300608	0.5	2971.2242185699392	610	4000	
6684.875	0.0	0	0	0	5534.74334854676	1.0	1150.1316514532389	3	13	5607.279645403809	0.195	1077.5953545961913	20	66	1764.0560161319554	0.885	4920.818983868044	494	6491	3699.807687290372	0.465	2985.067312709628	572	4000	
6497.375	0.0	0	0	0	3050.9465421859195	1.0	3446.4284578140805	101	391	5376.669810065607	0.2	1120.7051899343935	20	71	1789.9879672045738	0.84	4707.387032795426	478	5569	3373.1818381648136	0.5	3124.1931618351864	581	4000	
6462.875	0.0	0	0	0	4757.646900396605	1.0	1705.2280996033946	1	14	5504.207679014145	0.175	958.6673209858557	15	37	1814.4893932390328	0.835	4648.385606760967	410	4439	3545.1472035494126	0.465	2917.7277964505865	566	4000	
6454.125	0.0	0	0	0	4270.673754552277	1.0	2183.4512454477235	38	139	5278.313819066869	0.2	1175.8111809331313	21	55	1788.3214949132266	0.84	4665.803505086774	427	5188	3450.1191047902753	0.485	3004.0058952097247	581	4000	
6570.125	0.0	0	0	0	4341.55948192387	1.0	2228.5655180761296	11	45	5417.261730862061	0.185	1152.8632691379387	18	62	1771.682155098679	0.88	4798.442844901321	416	4921	3418.0480448790986	0.495	3152.0769551209014	683	4000	
6489.875	0.0	0	0	0	4260.476043528205	1.0	2229.3989564717945	54	148	5567.4778151176015	0.185	922.3971848823987	17	45	1723.439155627892	0.85	4766.435844372108	526	8361	3587.1038053352445	0.465	2902.771194664755	609	4000	
6351.875	0.0	0	0	0	4743.212817024225	1.0	1608.6621829757742	26	78	5266.592187252799	0.195	1085.2828127472014	21	50	1705.532842950296	0.865	4646.342157049704	550	8383	3622.1412915160795	0.48	2729.7337084839196	583	4000	
6660.75	0.0	0	0	0	3938.384452273261	1.0	2722.3655477267384	23	70	5494.111523277113	0.2	1166.6384767228874	23	62	1755.2081105139266	0.855	4905.541889486074	455	6117	3603.706750954654	0.5	3057.043249045347	598	4000	
6295.75	0.0	0	0	0	3898.7388279911506	1.0	2397.0111720088494	62	216	5387.815926967524	0.19	907.9340730324756	20	57	1782.7140858587409	0.835	4513.035914141259	479	6996	3289.5054704765594	0.5	3006.244529523441	583	4000	
6294.5	0.0	0	0	0	4801.832308602611	1.0	1492.6676913973884	10	35	5327.080416604914	0.175	967.4195833950861	16	50	1760.6143428897303	0.845	4533.88565711027	479	4857	3569.200448312853	0.475	2725.2995516871474	590	4000	
5994.75	0.0	0	0	0	4576.150572515104	1.0	1418.599427484897	23	86	5132.5965901719155	0.19	862.153409828084	18	62	1786.8966046481585	0.84	4207.853395351842	497	4587	3325.2200916877996	0.46	2669.5299083122004	683	4000	
6591.75	0.0	0	0	0	4579.481994451172	1.0	2012.2680055488274	52	195	5539.915947783493	0.18	1051.8340522165072	18	49	1750.5859109358873	0.845	4841.164089064112	526	7501	3666.8182596741476	0.5	2924.9317403258524	629	4000	
6494.875	0.0	0	0	0	3481.83510373223	1.0	3013.03989626777	90	269	5398.8684022783345	0.19	1096.006597721666	19	50	1763.8069999874836	0.855	4731.068000012517	530	7286	3398.1857475696315	0.5	3096.689252430367	625	4000	
6499.875	0.0	0	0	0	4328.322530408566	1.0	2171.5524695914332	48	145	5398.7800388864725	0.19	1101.094961113527	18	41	1759.034627197068	0.86	4740.840372802932	469	5679	3541.9426830879374	0.5	2957.932316912062	593	4000	
6774.25	0.0	0	0	0	5549.799524322236	1.0	1224.4504756777633	28	95	5559.80463415087	0.195	1214.4453658491302	22	56	1781.962072995036	0.84	4992.287927004965	514	7039	3662.7365790063327	0.49	3111.513420993667	618	4000	
6559.75	0.0	0	0	0	4794.709177417838	1.0	1765.0408225821616	6	36	5605.803044284049	0.185	953.946955715951	19	45	1759.2761247356964	0.86	4800.473875264303	479	6688	3578.6088820103028	0.485	2981.141117989698	639	4000	
6716.875	0.0	0	0	0	5366.977281665338	1.0	1349.8977183346624	1	13	5865.429414730406	0.16	851.4455852695933	12	29	1765.8318750296758	0.855	4951.043124970324	555	9047	3674.141960952048	0.475	3042.733039047952	653	4000	
6332.75	0.0	0	0	0	4889.723730262886	1.0	1443.0262697371136	28	89	5352.210128176401	0.195	980.5398718235997	19	47	1767.5882380551247	0.84	4565.161761944876	505	6081	3604.4731959101728	0.46	2728.2768040898272	573	4000	
6461.625	0.0	0	0	0	5504.083113409015	1.0	957.5418865909858	4	19	5422.5284600067735	0.175	1039.0965399932268	16	41	1801.865189091398	0.87	4659.759810908602	504	6763	3491.3741600257435	0.485	2970.2508399742565	569	4000	
6646.625	0.0	0	0	0	4415.4914021117065	1.0	2231.133597888294	27	95	5872.298849641891	0.155	774.3261503581084	11	30	1744.3832242009005	0.87	4902.241775799101	530	8747	3726.3024230354176	0.47	2920.3225769645824	602	4000	
6292.0	0.0	0	0	0	4661.11268844066	1.0	1630.8873115593394	12	45	5396.559905175807	0.185	895.440094824192	17	44	1785.494238622815	0.855	4506.505761377185	524	5571	3310.981680499422	0.47	2981.018319500578	663	4000	
6127.375	0.0	0	0	0	4896.804455396021	1.0	1230.5705446039779	1	14	5094.697359186962	0.18	1032.6776408130384	16	43	1712.7374932342027	0.865	4414.637506765797	547	8213	3549.37380250649	0.445	2578.00119749351	580	4000	
6372.25	0.0	0	0	0	5104.171407904995	1.0	1268.0785920950052	2	14	5418.8440209285045	0.175	953.4059790714957	15	42	1807.2024640567047	0.865	4565.047535943296	505	7524	3273.9185297711	0.49	3098.331470228899	580	4000	
6048.375	0.0	0	0	0	4812.6318629479665	1.0	1235.7431370520337	10	37	5152.182328906559	0.175	896.1926710934413	15	38	1782.5484874642361	0.825	4265.826512535764	489	5468	3366.7296011088742	0.465	2681.645398891126	561	4000	
6667.0	0.0	0	0	0	5282.258766873618	1.0	1384.7412331263827	13	43	5714.616990947671	0.19	952.3830090523288	18	59	1703.390909794283	0.875	4963.609090205718	553	8179	3681.200618330226	0.475	2985.7993816697735	664	4000	
6303.625	0.0	0	0	0	3951.1024117086745	1.0	2352.5225882913255	65	212	5446.319738997003	0.175	857.3052610029969	18	46	1779.7809665737725	0.855	4523.844033426229	493	5240	3277.2213170375317	0.48	3026.4036829624683	558	4000	
6187.25	0.0	0	0	0	5581.611075292216	1.0	605.6389247077841	10	45	5268.828764557369	0.19	918.4212354426307	19	54	1766.9043932366876	0.845	4420.345606763312	544	8832	3543.8391494837833	0.475	2643.410850516217	583	4000	
6309.875	0.0	0	0	0	5438.50261361349	1.0	871.3723863865104	0	10	5245.198527284241	0.185	1064.676472715759	17	44	1749.0929746444376	0.85	4560.782025355563	472	5378	3486.6828919471127	0.5	2823.192108052887	612	4000	
6464.125	0.0	0	0	0	5238.009827399259	1.0	1226.115172600742	14	45	5458.786954042714	0.175	1005.3380459572866	15	49	1790.34695054885	0.85	4673.77804945115	467	6519	3575.311926796414	0.49	2888.813073203586	588	4000	
6700.25	0.0	0	0	0	5094.1875192473235	1.0	1606.0624807526765	19	70	5697.823534828324	0.185	1002.4264651716755	18	39	1760.0985412592308	0.86	4940.151458740769	575	8355	3594.719105937791	0.5	3105.530894062209	581	4000	
6464.125	0.0	0	0	0	4494.756307908221	1.0	1969.3686920917787	43	171	5342.892094557128	0.185	1121.2329054428722	17	50	1803.9152571628078	0.885	4660.2097428371935	431	4895	3721.920003847218	0.46	2742.204996152782	598	4000	
6496.125	0.0	0	0	0	5274.35750845267	1.0	1221.7674915473285	0	10	5342.463573557747	0.195	1153.6614264422533	19	44	1770.4386020885647	0.87	4725.686397911435	484	6076	3556.611957236964	0.48	2939.513042763035	613	4000	
6561.0	0.0	0	0	0	4754.705275712393	1.0	1806.2947242876085	15	76	5592.698530244255	0.19	968.3014697557446	20	64	1786.4029572897737	0.88	4774.5970427102275	473	4949	3706.305578336592	0.455	2854.694421663408	598	4000	
6701.5	0.0	0	0	0	4185.931536576844	1.0	2515.5684634231557	54	162	5552.724626325423	0.185	1148.7753736745772	18	36	1744.8673949305646	0.875	4956.632605069435	516	7478	3643.4095180236586	0.48	3058.0904819763414	549	4000	
6220.5	0.0	0	0	0	4468.561851706003	1.0	1751.9381482939964	32	131	5228.3456233232655	0.185	992.1543766767343	18	57	1739.582006555252	0.86	4480.917993444748	491	5640	3209.183533153852	0.485	3011.3164668461477	694	4000	
6719.375	0.0	0	0	0	4368.996384853931	1.0	2350.378615146069	44	166	5699.79627520633	0.17	1019.5787247936693	14	38	1817.3322256765173	0.865	4902.042774323482	454	4950	3426.110080800622	0.495	3293.264919199378	616	4000	
5924.5	0.0	0	0	0	5347.986128621264	1.0	576.5138713787358	14	52	4828.513059949177	0.195	1095.9869400508233	21	62	1735.412217857728	0.83	4189.087782142272	559	7006	3236.798083428315	0.475	2687.7019165716856	559	4000	
6293.25	0.0	0	0	0	4542.951584880509	1.0	1750.2984151194908	23	91	5225.85669251028	0.195	1067.3933074897209	20	73	1754.2254039656054	0.865	4539.024596034394	496	5579	3314.1883460463687	0.485	2979.0616539536313	665	4000	
6702.75	0.0	0	0	0	5011.283490108986	1.0	1691.4665098910125	21	86	5757.09020324853	0.17	945.6597967514695	14	37	1751.7576142239407	0.87	4950.99238577606	546	7914	3634.08489926197	0.5	3068.6651007380297	620	4000	
6662.0	0.0	0	0	0	4941.169099011609	1.0	1720.8309009883899	14	47	5632.427328010271	0.185	1029.5726719897293	17	50	1790.4739961867865	0.86	4871.526003813213	431	4947	3629.8509283282683	0.47	3032.149071671731	574	4000	
6464.125	0.0	0	0	0	4241.826098648554	1.0	2222.2989013514466	4	22	5530.428513551472	0.185	933.6964864485278	18	52	1812.5771478147005	0.875	4651.5478521853	436	4497	3329.6789390419817	0.5	3134.4460609580174	572	4000	
6478.25	0.0	0	0	0	5056.589877090471	1.0	1421.660122909528	16	85	5467.0228095417915	0.185	1011.2271904582088	17	47	1788.0046097283698	0.86	4690.245390271631	514	6976	3609.092880604981	0.46	2869.157119395019	649	4000	
6215.5	0.0	0	0	0	4583.518258508048	1.0	1631.9817414919519	9	38	5165.465336093892	0.2	1050.0346639061074	20	62	1747.0565346770181	0.855	4468.443465322983	505	8318	3628.7103402014477	0.445	2586.7896597985527	578	4000	
6219.25	0.0	0	0	0	5447.893344169421	1.0	771.3566558305787	22	81	5244.213095628829	0.175	975.0369043711707	15	36	1754.799717952113	0.855	4464.4502820478865	511	6469	3387.7042975265904	0.465	2831.5457024734096	555	4000	
6625.0	0.0	0	0	0	5055.709494428568	1.0	1569.2905055714323	18	50	5485.1079671323405	0.19	1139.8920328676588	18	50	1805.3310492273333	0.855	4819.668950772667	481	6136	3609.478207736913	0.5	3015.5217922630873	563	4000	
6609.625	0.0	0	0	0	4616.274573892021	1.0	1993.3504261079786	37	142	5438.750953085958	0.19	1170.874046914042	18	53	1799.016451094179	0.83	4810.6085489058205	542	8434	3690.730764885803	0.5	2918.8942351141964	566	4000	
