6220.5	0.0	0	0	0	7222.693618269774	1.0	-1002.1936182697725	1	16	5082.658791890873	0.2	1137.841208109127	21	56	2190.953252746231	0.715	4029.5467472537684	472	8682	3860.703321522632	0.395	2359.796678477368	458	4000	
6223.0	0.0	0	0	0	7349.427687586288	1.0	-1126.4276875862865	0	10	5420.8368148477575	0.165	802.1631851522421	13	29	2183.2406864423147	0.695	4039.7593135576863	521	10791	3908.0649073903005	0.375	2314.9350926096995	490	4000	
6593.0	0.0	0	0	0	7633.532850543888	1.0	-1040.5328505438897	1	14	5676.593795712546	0.195	916.4062042874543	20	63	2215.6667158948076	0.77	4377.333284105193	487	8779	4184.203877054807	0.4	2408.7961229451935	444	4000	
5967.75	0.0	0	0	0	7669.677933295845	1.0	-1701.9279332958445	5	37	5064.589422356869	0.185	903.1605776431305	18	46	2208.5426501136462	0.7	3759.207349886354	548	9255	3665.0485436178033	0.395	2302.7014563821963	494	4000	
6554.75	0.0	0	0	0	7186.243064452482	1.0	-631.4930644524825	1	14	5424.580539634018	0.195	1130.1694603659814	20	78	2309.6218541288617	0.765	4245.128145871137	496	7756	4091.059957814501	0.4	2463.690042185499	512	4000	
6695.25	0.0	0	0	0	7365.136131845607	1.0	-669.8861318456063	0	10	5777.481729961291	0.185	917.768270038709	17	38	2271.243994100141	0.725	4424.006005899859	471	7805	4081.6408433476226	0.4	2613.6091566523774	498	4000	
6127.375	0.0	0	0	0	7475.723469430926	1.0	-1348.3484694309257	0	10	5288.379278338605	0.18	838.9957216613944	17	57	2191.7304937659374	0.695	3935.6445062340626	533	11150	3865.260112602642	0.39	2262.1148873973584	351	4000	
6293.25	0.0	0	0	0	6099.647769439032	1.0	193.60223056096896	5	32	5349.399281794198	0.165	943.8507182058019	15	41	2233.9556791314103	0.695	4059.2943208685892	496	9368	3857.230401463599	0.4	2436.0195985364016	473	4000	
6160.625	0.0	0	0	0	5952.825430555659	1.0	207.7995694443402	0	10	5381.9159304884815	0.175	778.7090695115185	17	51	2218.012815379362	0.71	3942.612184620638	433	6081	3812.350931924286	0.38	2348.274068075714	489	4000	
6699.0	0.0	0	0	0	8177.573521263825	1.0	-1478.5735212638253	0	10	5728.372040875223	0.18	970.6279591247771	18	48	2445.736554890313	0.76	4253.2634451096865	480	7603	4177.340458341527	0.4	2521.659541658473	483	4000	
6071.25	0.0	0	0	0	6753.997389125569	1.0	-682.7473891255694	1	12	5081.071148174224	0.175	990.1788518257764	15	30	2205.2605164848296	0.705	3865.9894835151713	489	9201	3823.0348484098704	0.355	2248.21515159013	461	4000	
6474.5	0.0	0	0	0	7124.884481987019	1.0	-650.3844819870186	6	36	5536.863158430873	0.18	937.6368415691273	17	51	2198.155021456406	0.695	4276.344978543594	508	10325	3953.814924857431	0.395	2520.6850751425686	405	4000	
6646.625	0.0	0	0	0	7242.839267599423	1.0	-596.2142675994239	0	10	5517.995269477597	0.19	1128.6297305224032	20	54	2338.0080354933243	0.79	4308.616964506676	479	6667	4248.315597761741	0.37	2398.309402238259	489	4000	
6710.625	0.0	0	0	0	7302.462232426063	1.0	-591.8372324260625	0	10	5648.059718196482	0.185	1062.5652818035182	17	44	2172.5774128259345	0.725	4538.0475871740655	498	7636	4143.257325272862	0.4	2567.367674727138	508	4000	
6237.125	0.0	0	0	0	7608.651134740305	1.0	-1371.5261347403043	1	20	5330.275946929987	0.2	906.8490530700128	22	70	2165.9862485929766	0.69	4071.138751407023	507	10881	3897.6462478938483	0.4	2339.4787521061517	463	4000	
5984.375	0.0	0	0	0	8089.212360045093	1.0	-2104.8373600450927	0	10	5112.4965044586415	0.19	871.8784955413583	19	59	2207.965183951277	0.69	3776.4098160487233	465	7939	3761.8831047076883	0.4	2222.4918952923113	415	4000	
6867.375	0.0	0	0	0	7941.330271505084	1.0	-1073.955271505085	6	39	5769.109107536876	0.19	1098.265892463124	19	53	2278.823964556231	0.79	4588.551035443768	519	9270	4278.352009083428	0.4	2589.0229909165723	481	4000	
6331.5	0.0	0	0	0	6900.521744214288	1.0	-569.0217442142882	1	15	5334.821952636501	0.185	996.6780473634989	18	45	2300.287194489559	0.73	4031.212805510441	507	7625	3932.4471104893582	0.4	2399.0528895106418	442	4000	
6330.25	0.0	0	0	0	6757.7341079535445	1.0	-427.4841079535437	0	10	5379.320941869513	0.17	950.9290581304863	14	36	2197.969028581433	0.71	4132.280971418567	539	9932	4003.7747727248848	0.4	2326.4752272751143	413	4000	
6164.375	0.0	0	0	0	7406.953529425088	1.0	-1242.5785294250895	2	14	5134.941370922478	0.195	1029.4336290775216	20	55	2191.8226108529325	0.72	3972.552389147066	544	10826	3857.771538430767	0.385	2306.6034615692324	444	4000	
6174.75	0.0	0	0	0	8359.80163823472	1.0	-2185.0516382347196	1	13	5364.449797454552	0.18	810.3002025454475	17	48	2231.3177074939995	0.69	3943.432292506	514	8444	3785.240050618464	0.385	2389.509949381536	459	4000	
6709.0	0.0	0	0	0	7042.326227717076	1.0	-333.326227717075	3	27	5617.838979922623	0.195	1091.1610200773764	21	65	2254.948268111638	0.775	4454.051731888363	559	9328	4272.776544793045	0.4	2436.223455206955	493	4000	
6129.875	0.0	0	0	0	6732.464771577242	1.0	-602.5897715772412	5	21	5379.654122709635	0.175	750.2208772903646	16	40	2170.411271003003	0.69	3959.463728996997	476	7015	3926.769065009714	0.385	2203.1059349902866	423	4000	
6329.0	0.0	0	0	0	6130.824734157467	1.0	198.17526584253375	3	29	5356.610950799795	0.185	972.3890492002051	17	48	2321.327025886624	0.74	4007.672974113376	434	6654	3814.115915128178	0.4	2514.884084871821	458	4000	
6367.25	0.0	0	0	0	7779.540832775178	1.0	-1412.2908327751784	0	10	5439.702689388947	0.18	927.5473106110526	17	58	2199.913461602814	0.7	4167.336538397186	527	9327	3980.6546151830294	0.4	2386.595384816971	531	4000	
6112.0	0.0	0	0	0	6449.3221160972935	1.0	-337.32211609729234	0	10	5180.279732026479	0.19	931.7202679735212	20	62	2229.733646306981	0.7	3882.266353693019	456	7866	3802.13333104264	0.385	2309.8666689573593	455	4000	
6812.5	0.0	0	0	0	6737.69891035917	1.0	74.80108964082967	0	10	5776.637146427935	0.185	1035.8628535720654	19	56	2282.0323630017906	0.76	4530.46763699821	512	8184	4248.144035223908	0.4	2564.3559647760917	517	4000	
6435.0	0.0	0	0	0	7341.0291977689685	1.0	-906.0291977689704	1	12	5696.385093430754	0.165	738.6149065692457	13	32	2273.1710068759376	0.695	4161.828993124062	466	6535	3828.2919636183838	0.4	2606.7080363816162	533	4000	
6112.0	0.0	0	0	0	6986.222513236154	1.0	-874.2225132361534	1	19	5103.876351543291	0.2	1008.1236484567087	20	52	2235.1693913722393	0.71	3876.8306086277607	511	10190	3900.3338280324374	0.375	2211.666171967563	458	4000	
6288.25	0.0	0	0	0	7501.79872169436	1.0	-1213.54872169436	0	10	5308.358835384281	0.195	979.8911646157196	20	65	2262.651679485837	0.715	4025.5983205141633	473	7616	3867.058546607863	0.385	2421.1914533921367	477	4000	
6667.0	0.0	0	0	0	7904.250470001308	1.0	-1237.250470001308	1	15	5713.904402027717	0.17	953.0955979722828	15	35	2406.6894847694357	0.78	4260.310515230564	473	5912	4137.0432392651965	0.4	2529.956760734804	477	4000	
5994.75	0.0	0	0	0	7224.569502147072	1.0	-1229.8195021470729	1	14	4957.7531000366	0.18	1036.9968999633998	17	46	2250.0465702540487	0.7	3744.70342974595	425	5894	3865.7892800967106	0.37	2128.960719903289	435	4000	
6368.5	0.0	0	0	0	6602.210458075507	1.0	-233.71045807550715	4	34	5494.078260689296	0.16	874.4217393107037	14	42	2247.9748787222115	0.725	4120.525121277789	517	8964	3924.57575649152	0.4	2443.92424350848	464	4000	
6456.625	0.0	0	0	0	7038.549542388411	1.0	-581.9245423884121	2	24	5616.551568590312	0.165	840.0734314096876	14	33	2418.7021190188398	0.765	4037.9228809811607	417	6060	3980.942747073997	0.4	2475.682252926003	432	4000	
6184.75	0.0	0	0	0	5931.003387584269	1.0	253.74661241573097	2	16	5234.900665883279	0.18	949.8493341167214	17	41	2155.797777730043	0.685	4028.9522222699566	522	9789	4012.1915815228954	0.375	2172.5584184771046	417	4000	
6528.125	0.0	0	0	0	8248.30206223233	1.0	-1720.1770622323288	3	21	5492.861165567799	0.19	1035.2638344322013	18	57	2237.2313256376833	0.695	4290.893674362316	553	10922	3941.7664589791875	0.4	2586.358541020812	529	4000	
6496.125	0.0	0	0	0	7524.342567468313	1.0	-1028.2175674683122	0	10	5651.224604433813	0.16	844.9003955661874	14	36	2197.3631322532356	0.705	4298.761867746764	529	10450	4076.9196718423345	0.4	2419.2053281576655	448	4000	
6499.875	0.0	0	0	0	7073.883282281255	1.0	-574.0082822812554	1	14	5623.595340032751	0.2	876.2796599672492	22	60	2260.3320810752066	0.725	4239.5429189247925	469	8046	4082.6632350458844	0.4	2417.2117649541146	465	4000	
6657.0	0.0	0	0	0	8066.956763701337	1.0	-1409.956763701337	1	18	5786.906173137528	0.18	870.0938268624718	16	50	2234.5067901516386	0.705	4422.493209848361	486	9056	4200.159854496247	0.4	2456.8401455037524	463	4000	
6443.75	0.0	0	0	0	7200.501548077267	1.0	-756.7515480772685	0	10	5405.136936905128	0.185	1038.6130630948717	18	56	2232.547379777873	0.715	4211.202620222127	561	9485	3991.6170901706364	0.39	2452.132909829363	493	4000	
6512.375	0.0	0	0	0	7090.246738302739	1.0	-577.8717383027407	0	10	5522.189402641771	0.2	990.185597358229	21	63	2218.366922944168	0.765	4294.008077055832	555	10324	4261.775196733101	0.39	2250.599803266899	445	4000	
6540.625	0.0	0	0	0	7107.543794078065	1.0	-566.9187940780641	0	10	5632.340298827006	0.19	908.2847011729931	19	69	2380.766934134681	0.795	4159.858065865319	493	6817	4038.4115376774544	0.4	2502.213462322546	506	4000	
6331.5	0.0	0	0	0	7210.93755143344	1.0	-879.4375514334412	3	16	5431.585095805782	0.185	899.9149041942187	18	51	2262.948714081094	0.74	4068.5512859189066	543	8038	4007.8450404597875	0.375	2323.6549595402125	490	4000	
6372.25	0.0	0	0	0	6805.798123624623	1.0	-433.5481236246219	1	11	5322.850538307205	0.18	1049.3994616927946	17	48	2217.7426424137	0.745	4154.5073575863	470	6069	4007.7161071977393	0.375	2364.533892802261	501	4000	
6238.375	0.0	0	0	0	6857.571115705406	1.0	-619.1961157054056	3	26	5515.029803363632	0.17	723.3451966363682	14	45	2190.031274383056	0.71	4048.3437256169436	532	11096	3849.383089793251	0.395	2388.9919102067483	491	4000	
6446.25	0.0	0	0	0	7737.224360539883	1.0	-1290.974360539883	1	13	5485.15724707766	0.175	961.09275292234	15	44	2762.9596419047393	0.815	3683.290358095261	366	4912	4041.9321274389595	0.38	2404.31787256104	478	4000	
6218.0	0.0	0	0	0	7124.208263668709	1.0	-906.2082636687096	2	28	5229.756689397901	0.185	988.2433106020987	19	58	2206.340865138182	0.685	4011.6591348618194	465	6664	3784.284679033186	0.4	2433.7153209668145	473	4000	
6844.5	0.0	0	0	0	7004.6808172664505	1.0	-160.1808172664511	8	49	5808.556133545335	0.185	1035.9438664546656	17	50	2264.6716919504615	0.75	4579.8283080495385	547	9632	4294.528415977109	0.4	2549.9715840228905	502	4000	
6313.625	0.0	0	0	0	6580.327406504399	1.0	-266.70240650440087	1	16	5541.063134936029	0.175	772.5618650639707	16	47	2246.799994005184	0.72	4066.8250059948155	515	6590	3879.0788867250317	0.4	2434.5461132749683	450	4000	
6359.75	0.0	0	0	0	7388.4267799569625	1.0	-1028.6767799569643	1	20	5307.216525879932	0.195	1052.5334741200672	19	68	2187.3095692812913	0.695	4172.440430718709	501	7763	3886.1121032135748	0.4	2473.637896786425	449	4000	
