6783.0	0.0	0	0	0	4104.991398658289	1.0	2678.0086013417113	22	83	5791.827909765669	0.19	991.1720902343316	20	68	1881.4684274637339	0.88	4901.531572536264	497	6612	3714.4931944349833	0.49	3068.5068055650163	538	4000	
6603.375	0.0	0	0	0	4669.228337064378	1.0	1934.1466629356216	4	21	5460.714612147441	0.185	1142.6603878525593	17	45	1860.82264562556	0.82	4742.552354374439	502	6895	3451.8708693806648	0.5	3151.504130619335	483	4000	
6531.875	0.0	0	0	0	4599.694128371308	1.0	1932.1808716286928	3	14	5455.1366582774235	0.2	1076.7383417225765	21	63	1848.1927074935961	0.825	4683.682292506403	539	8394	3430.350027071036	0.495	3101.5249729289626	522	4000	
6494.875	0.0	0	0	0	5180.358441827757	1.0	1314.516558172243	29	98	5469.996726480773	0.17	1024.878273519227	15	30	1893.0345773696224	0.85	4601.840422630376	468	6116	3538.0773786283457	0.485	2956.7976213716543	552	4000	
6665.75	0.0	0	0	0	4973.576816404486	1.0	1692.173183595515	16	55	5493.974188624293	0.19	1171.7758113757075	19	52	1880.575538171325	0.82	4785.174461828676	451	5017	3696.610569925156	0.48	2969.1394300748443	488	4000	
6901.875	0.0	0	0	0	4839.447753914481	1.0	2062.427246085519	27	87	6008.40035983737	0.175	893.4746401626298	16	37	1951.046260731342	0.845	4950.828739268658	440	3821	3925.369166063279	0.46	2976.505833936721	486	4000	
6295.75	0.0	0	0	0	6001.150049267789	1.0	294.5999507322108	7	29	5415.873768281959	0.185	879.8762317180406	19	59	1858.3351064781782	0.805	4437.414893521822	525	8279	3443.9342821639816	0.475	2851.815717836019	455	4000	
6559.75	0.0	0	0	0	4227.231650209504	1.0	2332.5183497904954	22	65	5589.639919938578	0.19	970.1100800614223	20	55	1839.6929815596704	0.855	4720.05701844033	529	8828	3529.8420473279807	0.5	3029.9079526720197	544	4000	
6627.5	0.0	0	0	0	4809.05878242687	1.0	1818.44121757313	24	97	5702.182305048787	0.185	925.3176949512128	19	65	1847.0600014004094	0.84	4780.439998599591	539	9043	3604.6880043860515	0.47	3022.8119956139485	509	4000	
6356.875	0.0	0	0	0	5487.9364336612925	1.0	868.9385663387079	1	12	5317.62751332337	0.195	1039.2474866766302	19	60	1894.0960129030032	0.85	4462.778987096997	473	5656	3656.3341633921877	0.445	2700.540836607812	579	4000	
6660.75	0.0	0	0	0	5230.937524457726	1.0	1429.8124755422755	21	91	5639.202222018471	0.18	1021.547777981529	16	42	1858.8118109916234	0.85	4801.938189008377	533	5597	3723.97367087958	0.46	2936.77632912042	503	4000	
6314.875	0.0	0	0	0	5755.515997657568	1.0	559.3590023424315	5	29	5349.295462014887	0.19	965.5795379851135	18	52	1878.5899522257675	0.835	4436.285047774232	539	6928	3740.08798447754	0.41	2574.78701552246	475	4000	
6210.125	0.0	0	0	0	5293.758874740173	1.0	916.3661252598265	3	18	5340.607070156007	0.17	869.5179298439938	15	35	1825.537222123396	0.84	4384.5877778766035	526	8764	3571.9114048894744	0.465	2638.213595110525	552	4000	
6350.625	0.0	0	0	0	5327.146341641827	1.0	1023.4786583581719	3	22	5503.173668324716	0.175	847.4513316752833	15	35	1865.3666543870866	0.805	4485.258345612915	487	5828	3760.6537568510544	0.435	2589.971243148945	483	4000	
6647.875	0.0	0	0	0	5531.120970417556	1.0	1116.7540295824429	2	16	5549.974459130892	0.185	1097.900540869108	18	46	1882.2142038969507	0.85	4765.6607961030495	544	7064	3817.71771085842	0.45	2830.1572891415803	559	4000	
6424.625	0.0	0	0	0	5435.539152383968	1.0	989.085847616032	2	18	5289.084787334402	0.195	1135.5402126655981	19	65	1844.8266830402804	0.825	4579.79831695972	498	7291	3599.101151572284	0.455	2825.523848427716	590	4000	
6139.0	0.0	0	0	0	5053.91721382136	1.0	1085.0827861786402	11	60	4995.386092985089	0.195	1143.6139070149115	19	62	1916.8396798280935	0.805	4222.160320171906	460	4691	3425.760915314513	0.47	2713.2390846854864	430	4000	
6271.625	0.0	0	0	0	5659.296101840053	1.0	612.3288981599467	1	12	5344.1294447355995	0.18	927.495555264401	17	54	1815.9078636196755	0.85	4455.7171363803245	562	10110	3436.275651564687	0.46	2835.3493484353135	464	4000	
6499.875	0.0	0	0	0	5066.871048071917	1.0	1433.0039519280822	20	78	5539.235128344427	0.18	960.6398716555728	17	44	1831.0732014050027	0.83	4668.801798594996	503	8738	3656.6997783093375	0.46	2843.1752216906625	476	4000	
6198.875	0.0	0	0	0	4598.149495993255	1.0	1600.725504006744	18	64	5141.086401066496	0.19	1057.7885989335036	19	59	1880.746381649169	0.84	4318.128618350831	458	4928	3394.9462524413852	0.45	2803.9287475586148	477	4000	
6466.625	0.0	0	0	0	4671.639289324558	1.0	1794.9857106754425	44	206	5538.839393537544	0.185	927.7856064624552	18	47	1901.4025087112577	0.83	4565.222491288742	464	5894	3620.2638884195107	0.47	2846.361111580489	448	4000	
6760.125	0.0	0	0	0	5464.047511567681	1.0	1296.0774884323184	12	52	5783.36810802225	0.18	976.7568919777498	18	44	1873.3585029742787	0.86	4886.766497025721	532	6477	3751.1745521772054	0.475	3008.9504478227946	519	4000	
6520.25	0.0	0	0	0	5104.898962426697	1.0	1415.3510375733035	5	42	5556.801187548337	0.18	963.4488124516636	17	47	1866.6209451112684	0.83	4653.629054888732	542	8897	3523.1218540601535	0.47	2997.128145939847	622	4000	
6216.75	0.0	0	0	0	4896.497895799914	1.0	1320.2521042000867	24	109	5313.68336422707	0.18	903.06663577293	17	42	1818.5629671287345	0.82	4398.187032871266	459	6222	3325.7920159343894	0.49	2890.9579840656106	474	4000	
6408.0	0.0	0	0	0	5360.170389782932	1.0	1047.8296102170666	10	47	5498.350504382162	0.185	909.649495617837	17	55	1853.34704779566	0.825	4554.65295220434	528	7011	3544.3826288880723	0.465	2863.617371111927	551	4000	
6368.5	0.0	0	0	0	5334.914517104442	1.0	1033.5854828955585	12	41	5351.641826057879	0.2	1016.858173942121	20	55	1789.2633846165218	0.85	4579.236615383477	543	8986	3712.4207248897765	0.455	2656.0792751102235	477	4000	
6493.625	0.0	0	0	0	5286.04944712142	1.0	1207.5755528785812	12	56	5636.630439671335	0.185	856.994560328665	19	43	1879.6937678397715	0.855	4613.931232160228	435	4727	3682.779042803503	0.45	2810.8459571964972	544	4000	
6311.125	0.0	0	0	0	4428.415494052307	1.0	1882.7095059476922	29	140	5232.378951119602	0.185	1078.7460488803983	17	55	1869.4629647881272	0.855	4441.662035211872	476	6321	3466.862799832692	0.47	2844.2622001673085	492	4000	
6321.5	0.0	0	0	0	5252.189815553483	1.0	1069.3101844465175	21	68	5163.172684877101	0.195	1158.3273151228989	21	71	1837.7009799781256	0.825	4483.799020021875	465	5407	3582.247097708848	0.455	2739.2529022911517	444	4000	
6462.875	0.0	0	0	0	4429.49752786639	1.0	2033.37747213361	11	58	5410.786310802854	0.185	1052.0886891971456	18	46	1938.2651830236043	0.815	4524.609816976395	437	4757	3210.1119025009793	0.5	3252.76309749902	480	4000	
6299.5	0.0	0	0	0	4796.353246788444	1.0	1503.1467532115557	18	61	5168.424330861964	0.195	1131.0756691380361	19	55	1860.1338227088413	0.84	4439.366177291158	462	5921	3532.556160801483	0.465	2766.9438391985173	428	4000	
6646.625	0.0	0	0	0	5645.868009060639	1.0	1000.7569909393615	18	66	5630.749013745664	0.195	1015.875986254336	20	75	1913.9978700841123	0.84	4732.627129915887	458	4673	3869.3214599543053	0.46	2777.303540045694	537	4000	
6031.75	0.0	0	0	0	5326.525819426777	1.0	705.2241805732226	2	14	4907.187614114038	0.19	1124.5623858859622	19	50	1859.3978405750647	0.82	4172.352159424935	503	6858	3523.1836768753383	0.45	2508.5663231246626	549	4000	
6910.625	0.0	0	0	0	5903.600310121155	1.0	1007.0246898788452	0	10	5830.755495854988	0.19	1079.8695041450117	19	58	1821.4704990513692	0.84	5089.154500948631	501	7978	3832.9672237651826	0.49	3077.657776234818	504	4000	
6429.625	0.0	0	0	0	5387.2876127228055	1.0	1042.3373872771947	6	33	5391.378940553658	0.19	1038.2460594463414	19	54	1850.4983002275787	0.855	4579.1266997724215	518	6979	3658.8063460482354	0.445	2770.818653951764	507	4000	
6538.125	0.0	0	0	0	5512.927282158029	1.0	1025.197717841971	4	16	5621.951192397349	0.195	916.1738076026511	19	56	1865.1914649025643	0.835	4672.933535097434	471	6209	3871.822003088404	0.44	2666.302996911596	530	4000	
6664.5	0.0	0	0	0	4808.197228222028	1.0	1856.3027717779726	43	151	5542.464591738281	0.19	1122.0354082617189	18	45	1814.0485766731838	0.865	4850.451423326816	517	7321	3691.762006485408	0.49	2972.7379935145923	579	4000	
6260.0	0.0	0	0	0	5501.575650371835	1.0	758.424349628166	10	50	5155.164548959297	0.2	1104.8354510407034	21	67	1811.3068564367093	0.825	4448.6931435632905	551	9290	3623.420879836258	0.465	2636.579120163742	552	4000	
6700.25	0.0	0	0	0	4834.925054314828	1.0	1865.3249456851734	16	76	5630.817804296786	0.18	1069.432195703214	17	43	1845.8042387688567	0.85	4854.445761231144	543	8277	3466.0232804878506	0.5	3234.226719512149	595	4000	
6460.375	0.0	0	0	0	4860.208583793239	1.0	1600.166416206761	26	85	5575.033399551479	0.19	885.3416004485205	18	54	1888.4232647799176	0.81	4571.951735220083	463	5696	3746.556170959004	0.435	2713.818829040996	541	4000	
6164.375	0.0	0	0	0	5306.60165519967	1.0	857.7733448003305	2	19	5200.666754883161	0.19	963.708245116839	19	55	1825.2665608282562	0.81	4339.108439171745	525	9175	3373.4525775056004	0.48	2790.9224224943996	432	4000	
6271.625	0.0	0	0	0	4582.565186682795	1.0	1689.059813317206	20	95	5341.583823232679	0.175	930.0411767673207	16	45	1882.9459018439097	0.805	4388.679098156091	511	8838	3478.66662299702	0.46	2792.9583770029803	458	4000	
6224.25	0.0	0	0	0	4904.427864414508	1.0	1319.8221355854926	2	18	5078.9465541699055	0.2	1145.3034458300942	21	62	1818.9070494973096	0.86	4405.342950502691	528	8267	3472.11317586724	0.455	2752.1368241327605	457	4000	
6103.25	0.0	0	0	0	5463.331121312808	1.0	639.9188786871925	5	27	5355.940621778036	0.165	747.3093782219644	14	28	1829.1812742122922	0.825	4274.068725787707	560	10144	3331.050560993693	0.48	2772.1994390063073	486	4000	
6391.375	0.0	0	0	0	5398.56732164646	1.0	992.8076783535413	2	16	5429.2426305433655	0.195	962.132369456635	20	44	1801.7633090177976	0.845	4589.611690982203	548	9365	3677.235431236394	0.44	2714.139568763606	499	4000	
6807.5	0.0	0	0	0	5356.33655342309	1.0	1451.1634465769114	10	44	5685.894108028536	0.185	1121.6058919714637	19	56	1821.023797231993	0.865	4986.476202768007	505	7921	3751.140731462695	0.48	3056.3592685373055	474	4000	
6313.625	0.0	0	0	0	4412.562135942496	1.0	1901.0628640575046	64	196	5320.884274024988	0.195	992.7407259750115	19	56	1874.3954447910849	0.835	4439.2295552089145	445	5320	3507.838424520177	0.46	2805.786575479823	469	4000	
6538.125	0.0	0	0	0	4928.489768355361	1.0	1609.6352316446396	17	81	5490.79110983792	0.185	1047.33389016208	19	65	1849.2764226831634	0.875	4688.848577316837	441	6017	3412.171518789386	0.5	3125.953481210614	573	4000	
6516.5	0.0	0	0	0	4762.052799449511	1.0	1754.4472005504883	20	73	5439.460038202864	0.195	1077.0399617971354	19	52	1818.33004265608	0.84	4698.169957343919	495	6639	3701.2386350237075	0.47	2815.261364976292	513	4000	
6220.5	0.0	0	0	0	5219.7480991121465	1.0	1000.7519008878536	1	12	5109.050688780628	0.195	1111.4493112193716	19	75	1846.0875917916694	0.82	4374.41240820833	450	6112	3608.5347724251965	0.45	2611.965227574804	497	4000	
