8203.0	0.0	0	0	0	8357.945849417983	1.0	-154.94584941798416	2	17	7106.770937188071	0.144	1096.2290628119292	16	41	2535.7521960286554	0.796	5667.247803971345	657	9583	5112.238365299776	0.4	3090.7616347002236	561	5000	
8383.0	0.0	0	0	0	8452.580761195515	1.0	-69.58076119551444	0	10	7359.837003912933	0.14	1023.1629960870671	15	40	2703.4461338077754	0.776	5679.553866192225	569	6845	5144.41677340497	0.4	3238.583226595031	611	5000	
8441.625	0.0	0	0	0	7617.964679541217	1.0	823.6603204587824	10	33	7264.649867149427	0.156	1176.975132850573	19	66	2415.7429239250623	0.796	6025.882076074938	714	11902	5222.167630909979	0.4	3219.4573690900206	640	5000	
7807.625	0.0	0	0	0	7802.0687223475215	1.0	5.556277652477462	2	15	6669.543282873434	0.156	1138.0817171265664	19	63	2430.1813922592164	0.732	5377.443607740785	702	13060	4818.913067685739	0.4	2988.711932314261	564	5000	
8046.25	0.0	0	0	0	7940.121353863188	1.0	106.12864613681211	1	11	6889.235665006072	0.156	1157.0143349939285	21	68	2490.4053220461556	0.76	5555.8446779538435	584	7749	5007.285031389558	0.4	3038.9649686104417	630	5000	
8166.0	0.0	0	0	0	7785.976887443447	1.0	380.0231125565531	3	16	7096.329846041281	0.156	1069.6701539587193	20	59	2532.5782848216604	0.796	5633.4217151783405	547	6295	5091.916553350807	0.4	3074.0834466491933	578	5000	
7908.25	0.0	0	0	0	6463.098064472967	1.0	1445.1519355270325	14	61	6843.759160509444	0.152	1064.4908394905563	18	47	2446.167221243747	0.772	5462.082778756253	627	9105	4721.559440882335	0.4	3186.6905591176646	686	5000	
8348.5	0.0	0	0	0	7188.746161177172	1.0	1159.7538388228268	7	39	7158.81270253822	0.152	1189.6872974617797	18	50	2454.0222568641293	0.772	5894.477743135872	659	9000	5086.493807730142	0.4	3262.006192269858	565	5000	
7628.875	0.0	0	0	0	8264.44381091215	1.0	-635.568810912149	0	10	6798.094698752069	0.136	830.7803012479304	14	36	2471.8617759161516	0.736	5157.013224083848	632	8657	4637.290438042421	0.4	2991.5845619575784	622	5000	
7974.75	0.0	0	0	0	7920.177445372455	1.0	54.57255462754544	11	52	6730.094758063333	0.156	1244.655241936668	21	68	2454.290348591682	0.776	5520.459651408319	703	10637	4963.555858450687	0.4	3011.194141549313	575	5000	
8013.0	0.0	0	0	0	6818.2853156121755	1.0	1194.714684387824	12	65	6881.4464313507	0.148	1131.5535686493008	18	41	2426.645220562981	0.744	5586.354779437019	639	9168	4902.498048987465	0.4	3110.5019510125344	616	5000	
8071.625	0.0	0	0	0	7536.455756365024	1.0	535.169243634977	2	14	7134.425562565636	0.144	937.1994374343637	16	45	2417.1023452575528	0.744	5654.522654742448	684	10913	5089.1302149588455	0.4	2982.494785041154	607	5000	
8292.375	0.0	0	0	0	7473.749986619233	1.0	818.6250133807687	5	22	7510.649194916493	0.136	781.7258050835073	16	32	2555.432972829207	0.792	5736.942027170793	559	5727	5019.113033355066	0.4	3273.2619666449336	593	5000	
7706.625	0.0	0	0	0	7731.396159163721	1.0	-24.771159163720533	2	24	6693.291980707923	0.144	1013.3330192920764	16	56	2518.06591962074	0.736	5188.55908037926	622	9196	4581.389563515285	0.4	3125.235436484716	592	5000	
8553.875	0.0	0	0	0	8227.178181450887	1.0	326.69681854911147	1	20	7476.084067088856	0.148	1077.7909329111449	17	47	2482.0559693872297	0.812	6071.81903061277	705	10041	5268.3106188550555	0.4	3285.5643811449454	575	5000	
8476.125	0.0	0	0	0	8543.189919813307	1.0	-67.06491981330716	0	10	7387.405037351187	0.132	1088.7199626488123	13	37	2476.9361788486885	0.784	5999.1888211513115	634	8616	5198.013621804767	0.4	3278.1113781952326	605	5000	
8019.25	0.0	0	0	0	8130.877522159003	1.0	-111.62752215900399	1	13	6996.308473460922	0.16	1022.9415265390778	20	48	2540.1571307263544	0.776	5479.092869273645	597	6633	4929.93618164136	0.4	3089.31381835864	612	5000	
8124.0	0.0	0	0	0	7603.941830210813	1.0	520.0581697891865	0	10	6964.828961747	0.16	1159.1710382530002	21	64	2453.7029862860563	0.74	5670.297013713944	699	9659	5003.4237438570235	0.4	3120.5762561429774	580	5000	
7788.5	0.0	0	0	0	7384.924983364348	1.0	403.57501663565404	17	81	6684.89165270213	0.148	1103.6083472978696	17	35	2530.720098218361	0.76	5257.779901781639	603	7001	4812.898097713527	0.4	2975.6019022864734	608	5000	
8148.125	0.0	0	0	0	8301.436843745354	1.0	-153.3118437453536	0	10	7091.007380267285	0.152	1057.1176197327152	19	49	2444.6375549565073	0.776	5703.487445043494	708	9429	4955.177320953444	0.4	3192.947679046556	645	5000	
8319.375	0.0	0	0	0	7596.497145336503	1.0	722.877854663499	5	41	7227.757197679533	0.152	1091.617802320467	18	61	2452.65286321427	0.768	5866.722136785729	601	8061	4998.646790893084	0.4	3320.7282091069164	622	5000	
8167.25	0.0	0	0	0	7700.171186906891	1.0	467.07881309310875	6	37	7122.756050217364	0.14	1044.493949782637	16	42	2474.3363416529396	0.772	5692.913658347061	667	9861	5099.647393746341	0.4	3067.602606253659	574	5000	
8109.875	0.0	0	0	0	6957.995900676081	1.0	1151.8790993239206	5	25	6942.229476841847	0.152	1167.6455231581529	19	47	2502.930632106113	0.796	5606.944367893887	564	6783	5003.838883085513	0.4	3106.0361169144867	623	5000	
7880.375	0.0	0	0	0	7911.613555608244	1.0	-31.238555608243036	1	16	6860.648670739969	0.144	1019.7263292600311	16	39	2441.9101387743754	0.76	5438.464861225624	654	8730	4716.917713446113	0.4	3163.457286553887	661	5000	
8117.375	0.0	0	0	0	7442.245710860693	1.0	675.1292891393061	0	10	7032.662583257385	0.16	1084.7124167426143	21	76	2440.4760217821167	0.8	5676.898978217883	697	10530	5080.753414300245	0.4	3036.6215856997546	692	5000	
8005.125	0.0	0	0	0	6877.348108857977	1.0	1127.776891142022	1	18	7032.587733262528	0.156	972.5372667374725	20	65	2460.7850379443644	0.764	5544.339962055635	659	9807	4954.498569615624	0.4	3050.626430384377	599	5000	
8237.5	0.0	0	0	0	7945.023236848732	1.0	292.4767631512679	0	10	7110.413075823231	0.156	1127.0869241767684	21	60	2444.721112468838	0.756	5792.778887531162	717	10244	4999.46180843533	0.4	3238.0381915646717	655	5000	
8045.0	0.0	0	0	0	7797.985559211247	1.0	247.0144407887518	0	10	7086.220257790298	0.152	958.7797422097017	18	57	2457.7475064676155	0.748	5587.252493532386	637	9404	4761.476363132001	0.4	3283.523636868	584	5000	
8383.0	0.0	0	0	0	8189.6242595333515	1.0	193.37574046664832	1	11	7322.627850820908	0.148	1060.372149179092	18	37	2485.614325186559	0.772	5897.38567481344	617	9074	5025.123132305513	0.4	3357.8768676944874	594	5000	
8195.5	0.0	0	0	0	7676.4577683197485	1.0	519.0422316802515	4	22	7103.259412705291	0.152	1092.2405872947095	19	51	2506.2474840675404	0.796	5689.25251593246	592	6376	5074.870562265202	0.4	3120.6294377347976	628	5000	
8089.5	0.0	0	0	0	7844.281547185521	1.0	245.21845281447767	9	57	7046.263656514928	0.152	1043.2363434850722	19	59	2452.301555333337	0.736	5637.198444666664	668	10239	4978.5663444474685	0.4	3110.933655552532	602	5000	
8009.25	0.0	0	0	0	7457.903431739237	1.0	551.3465682607624	25	107	6925.432701628423	0.156	1083.8172983715772	19	57	2508.92590187451	0.776	5500.324098125491	567	6516	5118.097465378438	0.4	2891.1525346215626	582	5000	
7921.125	0.0	0	0	0	7397.833209329183	1.0	523.2917906708161	0	10	6838.383660246789	0.156	1082.7413397532114	19	60	2433.9028678741097	0.76	5487.22213212589	664	9204	4796.706769423248	0.4	3124.4182305767526	577	5000	
8030.875	0.0	0	0	0	7422.103720848584	1.0	608.7712791514157	1	17	7130.209697957834	0.152	900.665302042166	20	67	2466.9654314549757	0.756	5563.909568545026	636	8316	4990.903711277307	0.4	3039.971288722693	567	5000	
7810.125	0.0	0	0	0	7158.198531961966	1.0	651.9264680380339	11	42	6829.637118082983	0.148	980.487881917017	19	46	2449.1247165636546	0.744	5361.000283436346	715	10531	4625.907018439262	0.4	3184.2179815607387	607	5000	
7750.25	0.0	0	0	0	8149.315869094396	1.0	-399.0658690943975	0	10	6674.250941662012	0.156	1075.9990583379877	19	56	2426.876313580018	0.752	5323.373686419982	703	10881	4709.226165374724	0.392	3041.023834625276	583	5000	
8208.0	0.0	0	0	0	8196.588646099473	1.0	11.41135390052699	1	12	7137.757988548268	0.144	1070.242011451731	17	47	2559.0417054402797	0.792	5648.95829455972	600	7824	5041.18573537759	0.4	3166.8142646224096	628	5000	
8124.0	0.0	0	0	0	7700.177193240243	1.0	423.82280675975767	0	10	6949.776297888841	0.156	1174.2237021111587	19	50	2454.8506020587356	0.76	5669.1493979412635	598	7323	4972.580025573999	0.4	3151.4199744260013	624	5000	
8161.0	0.0	0	0	0	8173.307630905137	1.0	-12.307630905136946	4	39	7145.2594586130945	0.14	1015.7405413869054	15	38	2495.8356032045735	0.74	5665.164396795425	647	8065	4827.975875323119	0.4	3333.0241246768815	590	5000	
8482.375	0.0	0	0	0	7572.62838767273	1.0	909.7466123272702	3	19	7404.738416246793	0.156	1077.636583753206	19	60	2513.907137979392	0.796	5968.467862020609	668	9863	5251.972862276698	0.4	3230.402137723302	594	5000	
8018.0	0.0	0	0	0	7489.4244400153075	1.0	528.575559984693	13	62	6896.528306974205	0.16	1121.4716930257941	21	60	2490.040785318034	0.804	5527.959214681968	565	6217	5011.541317774786	0.4	3006.4586822252145	685	5000	
7770.625	0.0	0	0	0	7728.7942379858605	1.0	41.83076201413848	3	21	6677.205617049378	0.156	1093.4193829506223	20	66	2445.4571691601986	0.744	5325.167830839801	632	9162	4849.169164243314	0.4	2921.4558357566852	573	5000	
7977.25	0.0	0	0	0	6428.273352303277	1.0	1548.9766476967238	31	138	6791.752639530716	0.16	1185.4973604692843	20	64	2570.7434268171864	0.8	5406.506573182813	534	5122	4979.638265694605	0.4	2997.6117343053943	667	5000	
8158.5	0.0	0	0	0	7391.8998282452785	1.0	766.6001717547222	0	10	6977.872443190572	0.156	1180.627556809428	20	59	2473.309972697071	0.752	5685.190027302929	626	6920	5037.76424236021	0.4	3120.73575763979	619	5000	
7860.0	0.0	0	0	0	7547.694409685577	1.0	312.30559031442266	0	10	6618.730944808434	0.156	1241.2690551915662	20	43	2428.9334078443653	0.736	5431.066592155635	657	10079	4703.622893805952	0.4	3156.377106194048	568	5000	
7947.75	0.0	0	0	0	7401.441880791731	1.0	546.3081192082705	6	30	6854.345629494465	0.156	1093.4043705055349	19	69	2422.7113049454347	0.764	5525.038695054566	644	10251	5149.165967912364	0.4	2798.584032087636	687	5000	
7936.5	0.0	0	0	0	7484.306795934288	1.0	452.19320406571205	2	23	7156.79802028594	0.136	779.7019797140605	15	35	2465.1927092172873	0.752	5471.307290782714	682	10193	4820.00385380489	0.4	3116.49614619511	574	5000	
8272.0	0.0	0	0	0	7386.849690291693	1.0	885.1503097083084	4	40	7311.957138259113	0.132	960.0428617408875	13	41	2502.2584695782234	0.756	5769.741530421778	616	8599	5231.302697993743	0.4	3040.697302006257	564	5000	
8085.75	0.0	0	0	0	8136.2809841518065	1.0	-50.5309841518075	1	12	7051.4360121339405	0.152	1034.3139878660595	18	37	2414.3329990948896	0.768	5671.41700090511	748	12325	5153.456829153402	0.4	2932.2931708465976	619	5000	
8228.75	0.0	0	0	0	7432.137685972458	1.0	796.6123140275422	13	52	7077.147447329283	0.148	1151.6025526707174	17	46	2440.4902017231084	0.78	5788.259798276891	670	9033	5179.31320857219	0.4	3049.4367914278096	559	5000	
