0	1887.4075625201915	994.4934618375175	2495.858071475947	1910.162287881569	0	2275.070625467169	1070.2715698588415	3520.3780636545553	2469.01029684961	0	2298.7841577398162	1148.9590567160303	4594.075077004606	3017.838828207493	0	-154.94584941798416	1096.2290628119292	5667.247803971345	3090.7616347002236	0	-1867.7362712544589	988.5365786666655	5994.549238877509	2976.959720442729	
0	2479.8572824521734	1211.9042785121546	2742.290956368366	2098.4583105179577	0	2145.766770909822	1150.2898322733379	3546.9123836950525	2645.7321081172167	0	1824.106840971668	1214.8459534684628	4822.50819355446	3310.950281792043	0	-69.58076119551444	1023.1629960870671	5679.553866192225	3238.583226595031	0	-1787.333274892381	919.6292882159684	6153.880426363122	3110.6063880636775	
0	2059.0847376532006	1092.384765443031	2582.4892202101546	1958.8886010678048	0	2309.791350573778	963.1880471488886	3615.4521276583614	2262.8689085788333	0	1926.3756176639495	987.2113310678999	4677.32293810953	3033.41881637484	0	823.6603204587824	1176.975132850573	6025.882076074938	3219.4573690900206	0	-1208.399303869044	1010.3563867361091	5997.22952359796	3178.2474957230456	
0	2161.756112976475	882.5352925908579	2644.40116543534	2128.071478918462	0	1545.3692569559598	876.6578461332231	3487.767783456847	2257.84720275888	0	1733.6465921694703	1003.449898104301	4865.396666426126	3110.4235279352392	0	5.556277652477462	1138.0817171265664	5377.443607740785	2988.711932314261	0	-579.4439552756803	941.025918498108	6907.865043590175	3292.0801597391187	
0	2441.8137929507707	1227.6760047533132	2697.5007561381567	2171.1262453641907	0	1885.4264852333513	940.548705966883	3673.918859985084	2564.1998586639634	0	1107.8893966642102	867.1138239819823	4422.848656996124	2805.440869635096	0	106.12864613681211	1157.0143349939285	5555.8446779538435	3038.9649686104417	0	-2497.4995659656224	861.8896173936599	6181.63417292018	3002.568123910961	
0	2651.5502238875897	1211.3094946014864	3017.3794267049047	2354.654208154865	0	1888.746446160855	978.2090383227168	3516.886327943166	2250.1190669295374	0	1888.1769598789942	1032.195526089306	4618.934138144567	2921.2097814622684	0	380.0231125565531	1069.6701539587193	5633.4217151783405	3074.0834466491933	0	-596.1184676467441	1139.2350230045345	6356.232955859532	3114.7026205872	
0	2174.6733493999845	973.9314520993702	2525.834373743118	2059.7025539167776	0	1906.2639158960383	1045.5937630653518	3480.750416539956	2225.327581324226	0	2018.916421674624	1165.5128818764017	4926.555643741547	3023.287820063388	0	1445.1519355270325	1064.4908394905563	5462.082778756253	3186.6905591176646	0	-1726.1862449381256	1079.3784252561923	6383.472688592508	3129.2984556575652	
0	2099.1367962257	800.6264912468827	2466.8535539777126	1957.1391456384076	0	3121.1857775160533	1095.5910608575932	3807.0605900076976	2631.6657484896964	0	1190.4614066434126	1052.1546369871144	4120.993881473272	2872.4883852825133	0	1159.7538388228268	1189.6872974617797	5894.477743135872	3262.006192269858	0	-850.7598664417133	1099.2978988162206	6350.729681322191	2998.024779430799	
0	2437.761138929484	931.1658423560932	2830.277665624782	2185.1328674645056	0	2323.40625674714	985.1469541554271	4141.281344159677	2711.8337428980417	0	1500.0840918830547	857.7145392810396	4549.196561892833	2904.8649954374287	0	-635.568810912149	830.7803012479304	5157.013224083848	2991.5845619575784	0	-878.8644017577516	1077.1321088271006	6295.531215901521	3001.62332062675	
0	2263.779824961418	1118.4963746917877	2721.6898723610966	2162.4017779935375	0	2164.042461682057	1021.1320035907085	3648.054409218079	2396.428539962481	0	1608.6489930089972	1107.0835368043836	4653.950565143418	2797.812391605575	0	54.57255462754544	1244.655241936668	5520.459651408319	3011.194141549313	0	-822.3527169796768	1141.7769594130773	6658.45295810653	3113.766358253188	
0	2386.3136382718253	1025.9520119012757	2590.861927838844	1979.8648038920996	0	1933.7270704936686	1111.587396540887	3513.000454719858	2453.9958051049625	0	2736.179121991375	1158.346753769849	4521.609553552914	2935.3928274828863	0	1194.714684387824	1131.5535686493008	5586.354779437019	3110.5019510125344	0	-1473.828759317476	1130.5138055357927	6425.892855469452	3244.3486955574563	
0	2146.780550432527	975.0560863308407	2474.780234214422	1838.1171297214373	0	1993.648009419792	1072.4597081752984	3823.1242203392444	2545.2988594729977	0	1908.423628352892	991.859749399881	4846.797854699807	2881.447897673128	0	535.169243634977	937.1994374343637	5654.522654742448	2982.494785041154	0	-2384.806748771678	985.6448407063119	6422.223196909305	3161.0316228250344	
0	2220.1319979686054	1002.3068719601408	2696.702467246643	2129.8555526179466	0	1886.292236940468	907.7664972401652	3583.088532024368	2422.7473761866304	0	1216.3700636695282	987.7857046019528	4632.537909337982	2955.1236821903385	0	818.6250133807687	781.7258050835073	5736.942027170793	3273.2619666449336	0	-1307.1425349234623	1150.5740779780156	6537.648243431866	3027.7630908148226	
0	2138.5230785577305	945.4078047112854	2555.6136966618756	1920.4317652538375	0	2054.9292657967208	981.5616498094333	3732.3403045518185	2609.919782723818	0	1648.4393340132906	1071.147118590704	4601.653413980147	2940.131857075292	0	-24.771159163720533	1013.3330192920764	5188.55908037926	3125.235436484716	0	-1933.6864684218315	1010.1833363449996	6103.556684318185	3005.2929229126653	
0	2278.5546973771093	1014.0049495412422	2750.8318106061533	1949.3042725391936	0	2135.895503839924	790.9454983068658	3666.3572127478496	2375.358049525178	0	869.1001868463777	1030.1808386681735	4438.072577592186	2994.782699405249	0	326.69681854911147	1077.7909329111449	6071.81903061277	3285.5643811449454	0	-1309.4073989929834	1014.7883162188823	6344.25598706413	3123.9238438018438	
0	2407.090801341183	1105.4325556626104	2744.3494162873776	2122.7062263141806	0	1854.926790642754	952.3032093645551	3659.0555255299737	2561.82316319534	0	1294.7049561316899	1032.6123410880248	4362.342382437305	2853.5857411276015	0	-67.06491981330716	1088.7199626488123	5999.1888211513115	3278.1113781952326	0	-1527.6329711159526	1019.0763617005201	6750.77403225193	3348.6613157629286	
0	2005.5234450919904	1083.736743051694	2553.736391878811	1866.8603287646506	0	2255.9840896830437	1020.1146398348667	3678.7742059763955	2473.8246534435775	0	981.319971701305	1003.210657653276	4483.679989921903	2773.975443967401	0	-111.62752215900399	1022.9415265390778	5479.092869273645	3089.31381835864	0	-1145.3492862778776	1070.678024209365	6527.20078961797	3167.2427810595195	
0	1973.2220708630878	1080.9424678610956	2649.9067310353735	2029.2615222631903	0	2279.7999203288127	888.9469240625867	3812.4626578701696	2414.631423330074	0	666.1589816888383	955.75188203234	4373.070483487991	2849.97173484599	0	520.0581697891865	1159.1710382530002	5670.297013713944	3120.5762561429774	0	-1555.3554711820836	1020.6835205273918	6109.602407235918	3266.1931953774465	
0	2089.920445225024	1145.4963765082657	2571.08617955207	1943.6873957722119	0	1513.3783263835578	1007.8178859718932	3690.328462274241	2309.911526148253	0	1104.1443233026416	943.9303927624796	4688.260503554619	2771.5024305666757	0	403.57501663565404	1103.6083472978696	5257.779901781639	2975.6019022864734	0	-945.7894703703606	1220.2704473517342	6607.842579720941	3123.6958989541868	
0	1993.5120619654692	906.5198270480615	2696.6511756461978	1929.073384901944	0	2962.7175010247806	1140.8548736679784	3779.7739370442946	2646.69256682655	0	580.3837688493848	1137.8612691652952	4652.533441973186	2760.887303044262	0	-153.3118437453536	1057.1176197327152	5703.487445043494	3192.947679046556	0	-2049.182517943152	950.9710987991587	6134.8841782660265	3186.5599912567955	
0	2106.989106028388	932.1518108049029	2562.0763418238726	1885.5065474413557	0	2699.5590234381925	1021.210020714899	3577.706104240138	2472.7701665896107	0	1894.6882028409339	993.8122469709771	4849.758989564652	3109.245317419815	0	722.877854663499	1091.617802320467	5866.722136785729	3320.7282091069164	0	-7.007636911818679	865.5618934053235	6693.6163955573575	3044.092267168395	
0	2353.1546622361843	1115.8483484218132	2662.9993460625888	2144.059994028039	0	2151.340457371819	1047.6130625014455	3697.0631030738273	2468.044284242988	0	2392.149612709969	1079.666805342724	4774.344640187745	3143.961422917358	0	467.07881309310875	1044.493949782637	5692.913658347061	3067.602606253659	0	-1220.770251191294	1286.3377656719897	6908.659253112226	3405.1768159892354	
0	2347.575867377975	1088.2838776633832	2580.5830062710615	2122.725777397602	0	2638.5303241559177	982.627868028525	3804.498056220323	2557.701988194291	0	1554.7305739125652	1064.9467402710509	4640.392706582449	2953.5832831055877	0	1151.8790993239206	1167.6455231581529	5606.944367893887	3106.0361169144867	0	-2223.4107856995774	1072.680056184243	6277.825885030308	2972.926204696899	
0	1613.9997919566517	1084.0611112063891	2420.638853241293	1782.3611237129207	0	1909.7252588313	1078.4796728485	3674.009283381325	2510.2831423884504	0	732.7578478740406	915.1117077427892	4353.409620856283	2759.2983066758043	0	-31.238555608243036	1019.7263292600311	5438.464861225624	3163.457286553887	0	-1562.8534401987185	950.8580810850639	6498.681027542605	3128.39558603406	
0	1880.7678437085387	1102.092629373622	2655.1186647866584	1900.373305141651	0	2955.0197191820557	1160.7760754394408	3684.888275714131	2289.2348139423266	0	1047.9522854750899	1044.046983563253	4273.005393605317	2586.9381510701814	0	675.1292891393061	1084.7124167426143	5676.898978217883	3036.6215856997546	0	-1200.6994899925664	1026.7135893869365	6913.372012372946	3166.3148900051788	
0	2041.9222474180697	1201.9550576712495	2784.201832416604	2193.56012600312	0	2525.5553681874694	968.319832216432	3466.6741801682806	2351.552331064411	0	439.2925987964076	977.4446050600319	4445.5503709904415	2776.053634980781	0	1127.776891142022	972.5372667374725	5544.339962055635	3050.626430384377	0	-1158.1893987799308	948.0485905173605	6690.564750484956	3032.3991803452263	
0	2067.6475545965122	1064.4719314440963	2870.684160809635	2301.922647661507	0	1972.7401234094057	1063.3952948041717	3861.6530081922447	2587.852119183112	0	1439.6128616215856	1050.4152219739367	4550.914177801964	2938.728794526415	0	292.4767631512679	1127.0869241767684	5792.778887531162	3238.0381915646717	0	-2541.4672123128857	998.9075151245886	6496.890314527815	2964.1418088365	
0	2226.570765864176	930.8929428647677	2572.4493530709133	1848.501293002801	0	2078.5947190192564	975.3298488673453	3706.1073190002844	2565.628222811837	0	1367.170677044546	961.1862499529087	4203.833356896849	2641.6513478265033	0	247.0144407887518	958.7797422097017	5587.252493532386	3283.523636868	0	-1364.3992994573277	973.7238751341617	6788.287858296189	3147.2855923666516	
0	1866.8797115719785	913.4947307530897	2644.13692277079	1962.35278431153	0	2363.641297866224	1114.6225743575067	3600.8495789038116	2534.0610886248137	0	2080.3388299983417	1152.7590890611732	4687.602986782452	2990.075326962979	0	193.37574046664832	1060.372149179092	5897.38567481344	3357.8768676944874	0	-1137.1085296298709	912.5005361196772	6324.85379145606	3025.9540880914356	
0	2008.1373726676297	943.5511915825001	2388.4508320926893	1819.7102282200608	0	2487.503896006088	1155.9068704523343	3776.2374908648626	2653.1316451296134	0	1550.3352292645195	1151.1600985519976	4743.334421671669	2803.2482097894995	0	519.0422316802515	1092.2405872947095	5689.25251593246	3120.6294377347976	0	-1939.4330401694192	995.3269156027774	5863.3371502625605	3155.35349812723	
0	2225.230920393121	1048.3068736320834	2496.4053776732903	2000.338331222138	0	2426.382478212422	930.1905450512425	3686.0620500059063	2364.161758741999	0	1680.6010183755338	1075.4775921545347	4740.989351826615	2913.9071415311146	0	245.21845281447767	1043.2363434850722	5637.198444666664	3110.933655552532	0	-1651.3249339525357	1024.0651029634353	6458.3378238569585	3219.283801827317	
0	2229.1371087207945	1042.0469421442608	2625.45072641348	1995.494072384492	0	1969.7364743999856	1037.8848175554533	3643.6790700258703	2486.396083473998	0	787.9520621544175	953.76559159828	4348.316383042415	2887.9286597571804	0	551.3465682607624	1083.8172983715772	5500.324098125491	2891.1525346215626	0	-523.2591340733675	1190.9700340817303	6744.720293566017	3189.4410924309454	
0	2549.572470125357	1086.0562328744977	2736.8113331194286	2181.8015084861895	0	2828.384719947751	1088.4750696503243	3964.760755701146	2800.0215968715434	0	2373.030515758864	1102.2372230848996	4855.368271515583	3188.467175471323	0	523.2917906708161	1082.7413397532114	5487.22213212589	3124.4182305767526	0	-2579.8136891128065	1117.311989746686	6330.101655152631	2949.4717173639124	
0	2405.1078351081546	920.4085393459865	2782.804383049085	2062.397772489928	0	2457.769727870212	1109.7034430879291	4033.2439737645013	2579.604762564004	0	1067.5153134287136	1043.2420075591997	4703.434500270549	3057.0694931628996	0	608.7712791514157	900.665302042166	5563.909568545026	3039.971288722693	0	-1096.7862276894075	1061.7706514765669	6689.285568976886	3069.3113903593776	
0	2275.074407071278	1054.2233570391556	2662.766114716892	2062.4828971173174	0	2176.662443673171	934.0486228440813	3627.9024238042593	2341.150964971763	0	1580.577703474431	999.549133723907	4704.076527413046	3051.492106162704	0	651.9264680380339	980.487881917017	5361.000283436346	3184.2179815607387	0	-1595.406986822135	1092.3778417488627	6534.914021706673	3179.769479497091	
0	2169.8279137383897	1017.4123033538209	2663.8450033737845	2012.7094743252792	0	2102.184075534256	960.2236032760169	3405.311781758094	2433.5277554296117	0	1245.6840811926147	978.7040330051332	4631.291616492678	3030.6979753381142	0	-399.0658690943975	1075.9990583379877	5323.373686419982	3041.023834625276	0	-1449.1671693274243	898.4238516112507	6602.24564575647	3238.889890457584	
0	2110.900556321703	856.9157694701292	2577.0576013636814	1905.9950219910356	0	1383.1500940395217	1038.0892324959634	3364.9865498533627	2320.0623764986176	0	1436.8247591543477	914.254073741271	4822.897698244018	2996.1891645490846	0	11.41135390052699	1070.242011451731	5648.95829455972	3166.8142646224096	0	-1368.435953533208	820.4381564768354	6355.186475899583	3151.2331006800596	
0	2177.7981965257113	977.1614497135513	2594.8930319366955	1902.1105118116811	0	2190.437142470167	994.5965518599103	3686.2543584355626	2415.5980526753556	0	1464.170348832388	934.0567295383232	4610.341059325578	2977.477397565659	0	423.82280675975767	1174.2237021111587	5669.1493979412635	3151.4199744260013	0	-2233.6883895155624	1036.0286655999546	6346.127014516782	3100.1355396886433	
0	1887.7154314601419	1076.0156908664692	2477.477290732959	1788.8982060106875	0	1851.8131661047225	987.5983690364321	3382.8197839912577	2343.0362958123596	0	256.6331246626957	1117.5150033507355	4278.685285243682	2521.8375248489074	0	-12.307630905136946	1015.7405413869054	5665.164396795425	3333.0241246768815	0	-1176.134104339565	907.3965443303147	6370.899977710308	3284.223118084319	
0	2405.910723700027	1044.8861907821401	2862.0564765717672	2089.6320517464214	0	3086.724579954026	1119.0763572023664	3859.527584987302	2568.2186642602164	0	711.9645852624244	1106.5799344487334	4636.470717905834	2796.587774251375	0	909.7466123272702	1077.636583753206	5968.467862020609	3230.402137723302	0	-1459.6951703168727	861.8605543215028	6346.2189821791535	3224.228157127956	
0	2744.7247452326937	1229.150865137104	3076.205048980843	2467.4021451858516	0	2953.3092857526885	1089.3316124712749	3669.732567482532	2577.9813413424013	0	1499.212953631987	1116.8729481026708	4941.672685386129	3197.2621724053506	0	528.575559984693	1121.4716930257941	5527.959214681968	3006.4586822252145	0	-996.5555678227539	1149.2826202015808	6723.025197056948	3173.9250487806653	
0	2219.2465531932635	978.1391773504201	2682.397253840383	1983.975086763597	0	2515.801331206071	999.6733865034728	3747.6869698594187	2515.7524745609567	0	1313.5381699914108	1064.742032861889	4634.817149440773	2975.713732879097	0	41.83076201413848	1093.4193829506223	5325.167830839801	2921.4558357566852	0	-2448.0448043458846	1104.5448684535006	6408.597626518675	3039.6434433537743	
0	1979.5037109950827	752.3942185573021	2416.755010074845	1717.4034553641372	0	2347.56167135091	1071.7156015124692	3657.9807264334595	2429.914987208997	0	1793.1628524610755	941.6449887858348	4824.353511423454	3056.946358202013	0	1548.9766476967238	1185.4973604692843	5406.506573182813	2997.6117343053943	0	-2058.4223900857955	1048.477815479916	6568.734427876979	2944.3504607742543	
0	2228.0230788494796	874.954594231571	2568.8966661925724	1939.0878699358466	0	2418.7999766656435	1012.3324215531738	3697.2029755196427	2358.971216723416	0	2312.7578887344216	978.4818360339848	4537.204912737826	2816.3828355846063	0	766.6001717547222	1180.627556809428	5685.190027302929	3120.73575763979	0	-1585.5276454972663	988.2708537087639	6375.011161035932	3127.142963331664	
0	2247.734387098784	1042.9956338425109	2503.540437423747	1996.4034028954802	0	1399.0617532944752	1071.5693276653428	3347.297723042265	2299.6113248493916	0	1474.9092189958697	959.4014746837801	4730.002070352241	2969.2623728161684	0	312.30559031442266	1241.2690551915662	5431.066592155635	3156.377106194048	0	-1868.5029082081055	982.989610898541	6066.178096308444	3069.1463467875824	
0	2112.6117884009227	971.7357519981596	2533.0581100647996	1919.9001482169444	0	2712.784347058386	963.5735184333032	3595.721101591474	2511.785093402418	0	1648.8664755826746	1026.0819271698394	4594.947445619078	2952.636275558435	0	546.3081192082705	1093.4043705055349	5525.038695054566	2798.584032087636	0	-1495.667626168437	1012.4229622564632	6246.880807160086	3238.3474707870805	
0	2276.882881460392	860.5334392248931	2645.304247925738	2011.9561694473227	0	2557.815515424277	1267.4956555320982	3937.9291109905757	2524.6919087036463	0	1526.8216268891829	919.5524938381598	4202.332292876525	2744.823786933952	0	452.19320406571205	779.7019797140605	5471.307290782714	3116.49614619511	0	-1831.4122260010422	1092.0463360872343	6712.43097970477	3218.0653580917174	
0	2041.8542346838194	1008.1925329339307	2535.192692246178	1979.334450905334	0	2887.9146858103823	1048.8802145941986	3893.5581220253334	2788.572547987361	0	545.8355681248828	900.0646992917752	4406.111768988628	2952.933591485601	0	885.1503097083084	960.0428617408875	5769.741530421778	3040.697302006257	0	-1253.9815311200703	976.4125290431822	6484.570714572215	2985.709058154201	
0	1935.9492731822627	957.474894640615	2559.268996135216	1903.0303599937004	0	2079.142508682084	953.3612582746946	3538.5513112906024	2388.0794203631895	0	688.7593844854641	937.5789326747728	4605.698532306844	2654.001051632802	0	-50.5309841518075	1034.3139878660595	5671.41700090511	2932.2931708465976	0	-2601.2624557472627	987.0241492612539	5533.07121280779	2970.482756807808	
0	2132.6670460417336	1054.3429253528693	2732.7125490047083	2138.783401031777	0	3183.8104097234477	1105.921513622495	4143.131753556582	2874.146203906312	0	1159.7556777871905	1041.2536846103394	4375.911174319033	2844.423199645652	0	796.6123140275422	1151.6025526707174	5788.259798276891	3049.4367914278096	0	-1360.5768720183132	956.5372215596486	6581.187192492289	3255.250306795624	
