3109.0	1221.592437479809	2114.5065381624827	613.1419285240534	1198.8377121184305	4722.75	2447.679374532832	3652.4784301411582	1202.3719363454447	2253.73970315039	6409.25	4110.465842260183	5260.29094328397	1815.1749229953944	3391.411171792506	8203.0	8357.945849417983	7106.770937188071	2535.7521960286554	5112.238365299776	9267.125	11134.861271254458	8278.588421333334	3272.5757611224903	6290.165279557271	
3352.625	872.7677175478259	2140.7207214878454	610.3340436316339	1254.1666894820428	5090.25	2944.4832290901786	3939.960167726662	1543.337616304948	2444.5178918827833	6585.5	4761.393159028332	5370.6540465315375	1762.99180644554	3274.549718207957	8383.0	8452.580761195515	7359.837003912933	2703.4461338077754	5144.41677340497	9406.0	11193.333274892382	8486.370711784031	3252.119573636879	6295.3936119363225	
3184.25	1125.1652623467992	2091.865234556969	601.7607797898455	1225.3613989321948	4758.5	2448.708649426222	3795.3119528511115	1143.047872341638	2495.631091421167	6435.0	4508.624382336051	5447.7886689321	1757.67706189047	3401.5811836251614	8441.625	7617.964679541217	7264.649867149427	2415.7429239250623	5222.167630909979	9219.75	10428.14930386904	8209.393613263892	3222.520476402038	6041.502504276954	
3237.875	1076.1188870235255	2355.3397074091417	593.47383456466	1109.8035210815378	4595.125	3049.7557430440406	3718.467153866777	1107.3572165431524	2337.27779724112	6644.125	4910.478407830529	5640.675101895699	1778.7283335738737	3533.701472064761	7807.625	7802.0687223475215	6669.543282873434	2430.1813922592164	4818.913067685739	10216.25	10795.693955275678	9275.224081501892	3308.3849564098246	6924.169840260881	
3294.0	852.186207049229	2066.3239952466865	596.4992438618434	1122.8737546358097	4790.5	2905.0735147666483	3849.951294033117	1116.5811400149155	2226.3001413360366	6161.875	5053.98560333579	5294.761176018017	1739.0263430038756	3356.434130364904	8046.25	7940.121353863188	6889.235665006072	2490.4053220461556	5007.285031389558	9395.625	11893.12456596562	8533.73538260634	3213.9908270798196	6393.05687608904	
3588.75	937.1997761124111	2377.440505398514	571.370573295095	1234.095791845135	4650.0	2761.2535538391453	3671.790961677283	1133.1136720568338	2399.8809330704626	6353.125	4464.948040121006	5320.929473910694	1734.1908618554348	3431.915218537732	8166.0	7785.976887443447	7096.329846041281	2532.5782848216604	5091.916553350807	9428.0	10024.118467646744	8288.764976995466	3071.7670441404694	6313.2973794128	
3141.0	966.3266506000152	2167.0685479006297	615.1656262568821	1081.2974460832224	4586.375	2680.111084103961	3540.7812369346484	1105.6245834600445	2361.0474186757747	6753.875	4734.958578325377	5588.3621181235985	1827.3193562584531	3730.5871799366123	7908.25	6463.098064472967	6843.759160509444	2446.167221243747	4721.559440882335	9619.25	11345.436244938122	8539.871574743807	3235.7773114074926	6489.951544342435	
3069.5	970.3632037742999	2268.873508753117	602.646446022287	1112.3608543615924	4929.375	1808.1892224839473	3833.783939142407	1122.314409992303	2297.7092515103036	5883.75	4693.2885933565885	4831.595363012886	1762.7561185267275	3011.261614717486	8348.5	7188.746161177172	7158.81270253822	2454.0222568641293	5086.493807730142	9519.5	10370.259866441713	8420.202101183779	3168.77031867781	6521.475220569201	
3430.375	992.6138610705162	2499.209157643907	600.097334375218	1245.2421325354942	5239.5	2916.0937432528594	4254.353045844573	1098.2186558403228	2527.666257101958	6274.125	4774.0409081169455	5416.41046071896	1724.9284381071666	3369.260004562571	7628.875	8264.44381091215	6798.094698752069	2471.8617759161516	4637.290438042421	9494.125	10372.989401757752	8416.9928911729	3198.59378409848	6492.501679373249	
3350.125	1086.3451750385816	2231.6286253082126	628.4351276389037	1187.7232220064627	4736.875	2572.8325383179426	3715.742996409291	1088.8205907819201	2340.446460037519	6424.625	4815.9760069910035	5317.541463195616	1770.674434856582	3626.812608394425	7974.75	7920.177445372455	6730.094758063333	2454.290348591682	4963.555858450687	9809.25	10631.602716979676	8667.473040586923	3150.79704189347	6695.483641746813	
3186.75	800.4363617281745	2160.797988098724	595.888072161156	1206.8851961079004	4662.875	2729.147929506332	3551.2876034591127	1149.8745452801425	2208.879194895038	6270.375	3534.195878008625	5112.028246230151	1748.7654464470868	3334.982172517113	8013.0	6818.2853156121755	6881.4464313507	2426.645220562981	4902.498048987465	10009.625	11483.453759317475	8879.111194464207	3583.7321445305474	6765.276304442545	
3072.0	925.219449567473	2096.943913669159	597.2197657855781	1233.8828702785625	4924.375	2930.7269905802086	3851.9152918247014	1101.2507796607556	2379.0761405270023	6590.5	4682.0763716471065	5598.6402506001195	1743.7021453001942	3709.0521023268725	8071.625	7536.455756365024	7134.425562565636	2417.1023452575528	5089.1302149588455	9586.0	11970.806748771678	8600.35515929369	3163.7768030906936	6424.968377174965	
3314.375	1094.2430020313948	2312.068128039859	617.6725327533568	1184.5194473820534	4716.5	2830.207763059532	3808.7335027598347	1133.4114679756326	2293.75262381337	6391.375	5175.0049363304715	5403.589295398047	1758.8370906620178	3436.251317809662	8292.375	7473.749986619233	7510.649194916493	2555.432972829207	5019.113033355066	9697.0	11004.14253492346	8546.425922021985	3159.351756568133	6669.236909185177	
3152.25	1013.7269214422703	2206.8421952887147	596.6363033381247	1231.8182347461625	4850.375	2795.4457342032792	3868.8133501905663	1118.0346954481815	2240.4552172761814	6392.625	4744.185665986709	5321.477881409296	1790.9715860198535	3452.493142924708	7706.625	7731.396159163721	6693.291980707923	2518.06591962074	4581.389563515285	9283.75	11217.43646842183	8273.566663655001	3180.1933156818136	6278.457077087334	
3393.375	1114.8203026228907	2379.3700504587578	642.5431893938462	1444.0707274608067	4759.75	2623.854496160076	3968.804501693134	1093.3927872521506	2384.3919504748214	6176.0	5306.899813153623	5145.819161331827	1737.9274224078142	3181.2173005947507	8553.875	8227.178181450887	7476.084067088856	2482.0559693872297	5268.3106188550555	9671.25	10980.657398992982	8656.461683781117	3326.9940129358683	6547.326156198156	
3364.25	957.1591986588168	2258.8174443373896	619.9005837126226	1241.5437736858194	4815.875	2960.9482093572456	3863.571790635445	1156.8194744700265	2254.05183680466	6129.875	4835.17004386831	5097.262658911975	1767.532617562696	3276.289258872398	8476.125	8543.189919813307	7387.405037351187	2476.9361788486885	5198.013621804767	9985.125	11512.75797111595	8966.048638299479	3234.3509677480693	6636.463684237072	
3163.875	1158.35155490801	2080.138256948306	610.1386081211889	1297.0146712353494	4772.625	2516.6409103169567	3752.510360165133	1093.8507940236032	2298.8003465564225	6245.875	5264.555028298695	5242.664342346724	1762.195010078096	3471.8995560325993	8019.25	8130.877522159003	6996.308473460922	2540.1571307263544	4929.93618164136	9857.5	11002.849286277878	8786.821975790635	3330.29921038203	6690.25721894048	
3254.5	1281.2779291369125	2173.557532138904	604.5932689646265	1225.23847773681	4906.5	2626.7000796711873	4017.5530759374133	1094.0373421298304	2491.868576669926	6126.125	5459.966018311161	5170.37311796766	1753.0545165120093	3276.15326515401	8124.0	7603.941830210813	6964.828961747	2453.7029862860563	5003.4237438570235	9440.5	10995.855471182082	8419.816479472607	3330.897592764083	6174.306804622553	
3131.875	1041.9545547749751	1986.3786234917343	560.7888204479301	1188.1876042277877	4868.25	3354.871673616443	3860.4321140281068	1177.9215377257594	2558.338473851747	6422.125	5317.980676697359	5478.19460723752	1733.8644964453806	3650.6225694333243	7788.5	7384.924983364348	6684.89165270213	2530.720098218361	4812.898097713527	9813.0	10758.78947037036	8592.729552648267	3205.1574202790575	6689.304101045813	
3281.125	1287.6129380345305	2374.6051729519386	584.4738243538025	1352.0516150980557	4919.375	1956.6574989752191	3778.520126332022	1139.601062955706	2272.6824331734497	6437.5	5857.116231150616	5299.638730834705	1784.966558026814	3676.6126969557376	8148.125	8301.436843745354	7091.007380267285	2444.6375549565073	4955.177320953444	9460.875	11510.057517943149	8509.903901200842	3325.990821733973	6274.315008743204	
3161.375	1054.385893971612	2229.2231891950973	599.2986581761269	1275.868452558644	4798.0	2098.440976561807	3776.7899792851013	1220.2938957598622	2325.2298334103893	6658.25	4763.561797159066	5664.437753029023	1808.491010435348	3549.0046825801855	8319.375	7596.497145336503	7227.757197679533	2452.65286321427	4998.646790893084	9902.375	9909.382636911816	9036.813106594676	3208.7586044426434	6858.282732831604	
3257.0	903.8453377638157	2141.151651578187	594.0006539374115	1112.940005971961	4794.25	2642.909542628181	3746.6369374985547	1097.1868969261732	2326.205715757012	6535.625	4143.475387290031	5455.958194657276	1761.2803598122546	3391.6635770826424	8167.25	7700.171186906891	7122.756050217364	2474.3363416529396	5099.647393746341	10139.75	11360.520251191294	8853.41223432801	3231.0907468877745	6734.573184010765	
3207.125	859.5491326220249	2118.8411223366165	626.5419937289381	1084.399222602398	4928.125	2289.5946758440814	3945.497131971475	1123.6269437796773	2370.423011805709	6420.875	4866.144426087434	5355.928259728949	1780.482293417551	3467.2917168944123	8109.875	6957.995900676081	6942.229476841847	2502.930632106113	5003.838883085513	9460.875	11684.285785699576	8388.194943815757	3183.049114969692	6487.948795303101	
3019.625	1405.625208043348	1935.563888793611	598.9861467587076	1237.2638762870793	4810.875	2901.1497411687005	3732.3953271515	1136.8657166186754	2300.591857611549	6188.5	5455.7421521259585	5273.38829225721	1835.0903791437158	3429.2016933241957	7880.375	7911.613555608244	6860.648670739969	2441.9101387743754	4716.917713446113	9714.875	11277.72844019872	8764.016918914936	3216.193972457396	6586.47941396594	
3234.125	1353.3571562914615	2132.032370626378	579.0063352133421	1333.751694858349	4837.5	1882.4802808179445	3676.723924560559	1152.6117242858695	2548.265186057674	6057.125	5009.172714524911	5013.078016436747	1784.1196063946832	3470.186848929818	8117.375	7442.245710860693	7032.662583257385	2440.4760217821167	5080.753414300245	10190.5	11391.199489992567	9163.786410613064	3277.1279876270532	7024.185109994821	
3373.0	1331.0777525819303	2171.04494232875	588.7981675833965	1179.4398739968797	4610.5	2084.9446318125306	3642.1801677835683	1143.8258198317199	2258.947668935589	6220.5	5781.20740120359	5243.055394939968	1774.9496290095587	3444.446365019219	8005.125	6877.348108857977	7032.587733262528	2460.7850379443644	4954.498569615624	9877.875	11036.064398779929	8929.826409482639	3187.310249515045	6845.475819654774	
3479.0	1411.3524454034875	2414.5280685559037	608.3158391903648	1177.0773523384928	5031.625	3058.8848765905946	3968.2297051958285	1169.9719918077553	2443.7728808168877	6371.0	4931.387138378414	5320.584778026063	1820.0858221980359	3432.271205473585	8237.5	7945.023236848732	7110.413075823231	2444.721112468838	4999.46180843533	9709.5	12250.967212312886	8710.592484875411	3212.609685472185	6745.358191163499	
3167.625	941.0542341358243	2236.732057135232	595.1756469290872	1319.123706997199	4813.375	2734.780280980744	3838.0451511326546	1107.2676809997156	2247.746777188163	5983.125	4615.954322955454	5021.938750047091	1779.2916431031513	3341.4736521734962	8045.0	7797.985559211247	7086.220257790298	2457.7475064676155	4761.476363132001	10014.625	11379.024299457327	9040.901124865839	3226.3371417038097	6867.339407633348	
3223.75	1356.8702884280215	2310.2552692469103	579.6130772292098	1261.39721568847	4722.75	2359.108702133776	3608.127425642493	1121.9004210961882	2188.688911375186	6461.625	4381.286170001657	5308.865910938826	1774.022013217549	3471.549673037021	8383.0	8189.6242595333515	7322.627850820908	2485.614325186559	5025.123132305513	9496.625	10633.733529629872	8584.124463880322	3171.7712085439407	6470.670911908564	
3001.75	993.6126273323699	2058.1988084175	613.2991679073103	1182.0397717799387	4886.125	2398.621103993912	3730.218129547666	1109.8875091351374	2232.9933548703875	6515.25	4964.9147707354805	5364.089901448003	1771.9155783283325	3712.0017902105	8195.5	7676.4577683197485	7103.259412705291	2506.2474840675404	5074.870562265202	9089.625	11029.058040169417	8094.298084397223	3226.287849737438	5934.27150187277	
3107.75	882.5190796068798	2059.4431263679166	611.3446223267105	1107.411668777862	4832.5	2406.117521787578	3902.309454948758	1146.4379499940933	2468.3382412580004	6478.25	4797.648981624465	5402.772407845465	1737.2606481733844	3564.3428584688854	8089.5	7844.281547185521	7046.263656514928	2452.301555333337	4978.5663444474685	9793.875	11445.199933952537	8769.809897036565	3335.5371761430415	6574.591198172683	
3218.75	989.6128912792058	2176.703057855739	593.2992735865199	1223.2559276155075	4740.625	2770.8885256000144	3702.740182444547	1096.9459299741297	2254.2289165260026	6123.625	5335.672937845583	5169.85940840172	1775.308616957586	3235.6963402428196	8009.25	7457.903431739237	6925.432701628423	2508.92590187451	5118.097465378438	9978.875	10502.13413407337	8787.90496591827	3234.1547064339825	6789.433907569055	
3329.75	780.1775298746428	2243.6937671255023	592.9386668805714	1147.9484915138103	5122.25	2293.865280052249	4033.7749303496757	1157.489244298854	2322.228403128456	6667.0	4293.969484241135	5564.7627769151	1811.6317284844179	3478.5328245286773	7921.125	7397.833209329183	6838.383660246789	2433.9028678741097	4796.706769423248	9569.375	12149.188689112803	8452.063010253314	3239.273344847369	6619.903282636088	
3390.875	985.7671648918458	2470.4664606540136	608.0706169509151	1328.4772275100725	5170.5	2712.7302721297883	4060.7965569120706	1137.256026235499	2590.895237435995	6533.125	5465.609686571287	5489.8829924408	1829.6904997294505	3476.0555068371004	8030.875	7422.103720848584	7130.209697957834	2466.9654314549757	4990.903711277307	9929.0	11025.786227689407	8867.229348523433	3239.714431023113	6859.688609640622	
3255.75	980.6755929287214	2201.5266429608446	592.9838852831075	1193.2671028826824	4721.5	2544.8375563268287	3787.4513771559186	1093.5975761957409	2380.3490350282364	6460.375	4879.797296525569	5460.825866276093	1756.2984725869535	3408.8828938372953	7810.125	7158.198531961966	6829.637118082983	2449.1247165636546	4625.907018439262	9736.5	11331.906986822136	8644.122158251137	3201.585978293327	6556.730520502908	
3237.875	1068.0470862616107	2220.4626966461788	574.0299966262153	1225.165525674721	4542.75	2440.565924465744	3582.526396723983	1137.4382182419058	2109.2222445703887	6404.25	5158.565918807385	5425.545966994867	1772.9583835073213	3373.5520246618853	7750.25	8149.315869094396	6674.250941662012	2426.876313580018	4709.226165374724	9804.25	11253.417169327422	8905.826148388749	3202.0043542435296	6565.3601095424165	
3179.25	1068.349443678297	2322.334230529871	602.1923986363186	1273.2549780089644	4474.125	3090.9749059604787	3436.035767504037	1109.1384501466373	2154.062623501383	6571.375	5134.5502408456505	5657.120926258729	1748.4773017559814	3575.185835450915	8208.0	8196.588646099473	7137.757988548268	2559.0417054402797	5041.18573537759	9586.0	10954.435953533211	8765.561843523164	3230.813524100417	6434.76689931994	
3200.875	1023.0768034742886	2223.7135502864485	605.9819680633043	1298.764488188319	4817.125	2626.6878575298333	3822.5284481400895	1130.8706415644378	2401.526947324645	6366.0	4901.829651167613	5431.943270461677	1755.6589406744217	3388.522602434341	8124.0	7700.177193240243	6949.776297888841	2454.8506020587356	4972.580025573999	9532.375	11766.06338951556	8496.346334400045	3186.24798548322	6432.239460311357	
3057.875	1170.1595685398581	1981.8593091335308	580.3977092670414	1268.9767939893127	4512.375	2660.561833895278	3524.776630963568	1129.5552160087423	2169.3387041876395	6013.875	5757.241875337305	4896.359996649265	1735.1897147563182	3492.0374751510926	8161.0	8173.307630905137	7145.2594586130945	2495.8356032045735	4827.975875323119	9510.75	10686.884104339564	8603.353455669685	3139.850022289693	6226.526881915681	
3463.625	1057.7142762999727	2418.73880921786	601.5685234282329	1373.9929482535786	5003.375	1916.6504200459738	3884.298642797634	1143.8474150126985	2435.156335739784	6400.5	5688.5354147375765	5293.920065551267	1764.0292820941654	3603.9122257486256	8482.375	7572.62838767273	7404.738416246793	2513.907137979392	5251.972862276698	9491.625	10951.320170316874	8629.764445678496	3145.4060178208456	6267.396842872044	
3651.125	906.4002547673066	2421.974134862896	574.9199510191569	1183.722854814148	4810.875	1857.5657142473112	3721.5433875287254	1141.1424325174671	2232.893658657599	6738.5	5239.287046368013	5621.627051897329	1796.8273146138713	3541.2378275946503	8018.0	7489.4244400153075	6896.528306974205	2490.040785318034	5011.541317774786	9890.75	10887.305567822756	8741.467379798418	3167.7248029430516	6716.824951219334	
3295.25	1076.0034468067365	2317.11082264958	612.8527461596168	1311.2749132364029	4870.75	2354.9486687939284	3871.076613496527	1123.0630301405808	2354.997525439044	6388.875	5075.3368300085895	5324.132967138112	1754.0578505592268	3413.161267120903	7770.625	7728.7942379858605	6677.205617049378	2445.4571691601986	4849.169164243314	9568.125	12016.169804345884	8463.5801315465	3159.527373481326	6528.481556646226	
3020.875	1041.371289004917	2268.4807814426977	604.1199899251551	1303.4715446358632	4754.75	2407.18832864909	3683.034398487531	1096.76927356654	2324.835012791002	6576.375	4783.212147538923	5634.730011214166	1752.0214885765467	3519.428641797987	7977.25	6428.273352303277	6791.752639530716	2570.7434268171864	4979.638265694605	9695.75	11754.172390085796	8647.272184520083	3127.0155721230203	6751.399539225746	
3151.0	922.9769211505205	2276.0454057684287	582.1033338074272	1211.912130064153	4803.0	2384.2000233343565	3790.667578446826	1105.7970244803575	2444.028783276584	6337.75	4024.9921112655784	5359.268163966015	1800.545087262174	3521.3671644153937	8158.5	7391.8998282452785	6977.872443190572	2473.309972697071	5037.76424236021	9825.875	11411.402645497268	8837.604146291236	3450.8638389640682	6698.732036668336	
3109.0	861.2656129012166	2066.004366157489	605.4595625762532	1112.5965971045207	4497.0	3097.9382467055248	3425.430672334657	1149.7022769577359	2197.388675150608	6480.75	5005.84078100413	5521.34852531622	1750.7479296477597	3511.487627183832	7860.0	7547.694409685577	6618.730944808434	2428.9334078443653	4703.622893805952	9228.875	11097.377908208106	8245.885389101459	3162.696903691556	6159.728653212418	
3106.5	993.8882115990776	2134.7642480018403	573.4418899352004	1186.599851783056	4739.375	2026.590652941614	3775.801481566697	1143.653898408526	2227.589906597582	6366.0	4717.133524417326	5339.918072830161	1771.052554380922	3413.363724441565	7947.75	7401.441880791731	6854.345629494465	2422.7113049454347	5149.165967912364	9482.5	10978.167626168435	8470.077037743536	3235.619192839915	6244.152529212919	
3240.375	963.4921185396079	2379.8415607751067	595.0707520742617	1228.4188305526764	5057.0	2499.1844845757237	3789.5043444679022	1119.0708890094247	2532.3080912963546	5962.75	4435.928373110817	5043.1975061618405	1760.417707123475	3217.926213066048	7936.5	7484.306795934288	7156.79802028594	2465.1927092172873	4820.00385380489	9915.25	11746.662226001043	8823.203663912765	3202.8190202952305	6697.184641908283	
3126.875	1085.0207653161806	2118.6824670660694	591.6823077538218	1147.540549094666	5053.25	2165.3353141896173	4004.3697854058014	1159.6918779746663	2264.677452012639	6172.25	5626.414431875117	5272.1853007082245	1766.1382310113727	3219.316408514399	8272.0	7386.849690291693	7311.957138259113	2502.2584695782234	5231.302697993743	9592.25	10846.231531120071	8615.837470956818	3107.6792854277846	6606.540941845798	
3146.0	1210.0507268177373	2188.525105359385	586.7310038647838	1242.9696400062994	4637.125	2557.9824913179154	3683.7637417253054	1098.5736887093983	2249.045579636811	6410.5	5721.740615514536	5472.921067325227	1804.8014676931568	3756.4989483671984	8085.75	8136.2809841518065	7051.4360121339405	2414.3329990948896	5153.456829153402	8914.625	11515.887455747265	7927.600850738746	3381.5537871922074	5944.142243192191	
3327.25	1194.5829539582664	2272.9070746471307	594.537450995292	1188.4665989682228	5258.625	2074.8145902765523	4152.703486377505	1115.4932464434173	2384.4787960936874	6142.75	4982.994322212809	5101.496315389661	1766.8388256809662	3298.3268003543476	8228.75	7432.137685972458	7077.147447329283	2440.4902017231084	5179.31320857219	9871.625	11232.201872018313	8915.087778440351	3290.4378075077107	6616.374693204376	
