6584.25	1977.3614024580802	5389.14577497475	1119.2196086218137	2624.0608251016597	6409.25	4110.465842260183	5260.29094328397	1815.1749229953944	3391.411171792506	6602.125	6343.893670100299	5677.4539940540435	2218.1858542919654	4207.2404343979915	6662.0	8960.140347253262	5653.429435896523	2661.4334298635695	4978.971765098759	6642.875	10791.940743136827	5711.504204654282	3168.7754253175344	5003.783334759053	6309.875	14030.524091955294	5519.0319791482625	3371.6340275405987	4889.469699421531	
6363.5	2515.3361718130354	5308.711813210936	1126.9918586378685	2514.4627613925377	6585.5	4761.393159028332	5370.6540465315375	1762.99180644554	3274.549718207957	6686.125	7761.178284441481	5701.615120711638	2226.5227321796174	4331.872831799228	6626.25	10112.587714205243	5558.5866438204	2650.3932387777904	4783.31248617309	6522.75	12541.845388387923	5585.0728453693555	3089.064117632225	4862.078358128174	6364.75	14315.940633376329	5589.753387690103	3316.680442094132	4903.98058412673	
6586.75	2500.350626048917	5270.673132874796	1120.6905013644384	2913.3289383135148	6435.0	4508.624382336051	5447.7886689321	1757.67706189047	3401.5811836251614	6234.625	7447.658863546634	5481.151699010645	2218.8466488804397	3822.680103968262	6424.625	9849.963112340056	5300.032784745752	2794.8410049300082	4624.467578547952	6776.75	11724.461966881157	5842.203950771798	3138.6362406156873	5042.661419209601	6441.25	13298.57473751289	5609.154887883785	3329.8734890234878	4844.320223125777	
6442.5	2423.3612211953205	5226.134404821763	1081.9794146170327	2585.8448311023317	6644.125	4910.478407830529	5640.675101895699	1778.7283335738737	3533.701472064761	6177.25	7751.265440426979	5269.4572617851245	2232.8759561327943	3872.2456315931554	6514.0	8531.96004897448	5519.102328208757	2829.506509469811	4744.540271238964	6473.25	12037.443228682936	5467.560330638835	3039.890449077019	4806.2363202970555	6420.875	12071.82357889744	5636.961069676636	3366.3205415673165	5398.068261747113	
6224.25	1932.0121909851537	5183.132259150573	1136.469015183451	2620.916955502937	6161.875	5053.98560333579	5294.761176018017	1739.0263430038756	3356.434130364904	6330.25	7557.860325347529	5394.790036817229	2242.5610913801775	4169.8233952835635	6460.375	8692.147637658456	5523.612524829175	2657.0825781582716	4601.461059027024	6124.875	12079.532255293634	5328.117768520815	2944.93138572899	4442.041814349216	6413.0	13419.999922060144	5617.151435192781	3358.41821858428	5019.786636426907	
6475.75	2693.958907534703	5417.724960195594	1088.5630952975507	2595.2051383112166	6353.125	4464.948040121006	5320.929473910694	1734.1908618554348	3431.915218537732	6388.875	6112.725346028449	5515.6331599333	2238.3349295319986	3974.8969208611898	6534.375	9795.81063267144	5769.95629598698	2571.819087867845	4690.166811291674	6405.5	12706.309163300948	5479.940202870937	3032.434820265678	4847.347382991934	6718.125	13504.172517247873	5726.489937170697	3483.929462673005	5430.389619713987	
6350.625	2335.3271285149376	5308.054639491411	1079.9192068758284	2318.098481188458	6753.875	4734.958578325377	5588.3621181235985	1827.3193562584531	3730.5871799366123	6448.75	7936.17496891042	5447.125054436725	2250.480166382631	4156.7528782909585	6738.5	8669.162132381545	5876.751714829405	2742.0448563392233	4920.160485851729	6602.125	10107.108614088886	5836.853203784818	3131.9100488031254	4849.411726441842	6512.75	12875.757642989185	5749.536811631557	3324.988614130981	5137.402645841978	
6650.375	2335.5987965270574	5474.709849873116	1082.5983083446113	3013.0128460583996	5883.75	4693.2885933565885	4831.595363012886	1762.7561185267275	3011.261614717486	6022.625	7341.454996095912	5068.492098549108	2228.8106864116526	3828.1068958117917	6353.125	9679.583795052435	5446.34456874453	2647.2145120564605	4550.023355327021	6123.625	13599.634908887314	5266.168944221892	3152.4146531091224	4636.131029039563	5957.75	13962.47295983583	5112.777718762973	3173.015938374423	4677.815951911451	
6339.0	2428.814584070964	5249.399906061935	1095.8003644592186	2741.2963555125116	6274.125	4774.0409081169455	5416.41046071896	1724.9284381071666	3369.260004562571	6519.0	7358.372157230418	5510.869030781534	2194.1427891583016	4226.938130696848	6515.25	9044.980505949203	5756.595721058931	2855.2672576823206	4763.6622229264885	6512.75	11108.491647438765	5617.158388527866	2970.9598023120343	4711.42943448203	6584.25	13585.03453426312	5758.246645628056	3468.60299167368	5162.601689526566	
6406.75	2562.331803435304	5366.093669760596	1077.163076626784	2696.2136671975086	6424.625	4815.9760069910035	5317.541463195616	1770.674434856582	3626.812608394425	6218.0	6301.513072419711	5420.40811125473	2219.807934727756	3683.3779663256187	6419.625	9496.30756165376	5577.742597341143	2699.696007182437	4562.8507214811725	6607.125	11809.132056942815	5804.580860517158	3238.422274587297	4843.252443393746	6845.75	12514.738467725547	5794.914011610055	3461.471921707714	5307.914883445494	
6089.125	2622.6245494872815	5107.795617795878	1196.0587850683492	2487.7463297692275	6270.375	3534.195878008625	5112.028246230151	1748.7654464470868	3334.982172517113	6369.75	7135.003926405259	5404.531465291669	2217.640112061449	4018.5062780054955	6351.875	9702.954305911831	5454.836388810444	2599.3561031809195	4656.79969717846	6398.0	10668.22570538544	5621.1903884647745	2938.65855354766	4656.044841657881	6248.75	15512.078616318282	5411.1284113653355	3853.9951081021113	4787.560420224347	
6336.5	2331.778370929374	5181.788018926838	1171.9213053486344	2750.986744973066	6590.5	4682.0763716471065	5598.6402506001195	1743.7021453001942	3709.0521023268725	6641.625	8492.927140537557	5741.975832264006	2272.279927466854	4195.515372258884	6827.875	9064.739649567138	5827.137688725215	2762.667429587562	4961.256631857519	6452.875	12186.407185899203	5728.803973335778	3392.610945757344	4861.9940401349295	6253.75	13343.775024342913	5498.930951388078	3607.387987551234	4780.0618353094305	
6586.75	2314.742926510531	5473.77845576109	1117.3275831691706	2554.3356710073476	6391.375	5175.0049363304715	5403.589295398047	1758.8370906620178	3436.251317809662	6738.5	8553.972366368302	5692.498346790755	2248.054427996554	4215.499405414792	6516.5	10130.011895518031	5417.266057403047	2805.806697756395	4758.202252895335	6522.75	11494.96796695975	5619.184845880591	3021.92532519898	4782.531825525975	6502.375	13675.665575260991	5693.90884394508	3385.143024136771	5094.115507242241	
6593.0	2028.7340373413224	5265.313492132509	1086.1708334181449	2720.568665883249	6392.625	4744.185665986709	5321.477881409296	1790.9715860198535	3452.493142924708	6200.125	6883.6224416413515	5358.723185128092	2152.0643385079507	3816.9678247059937	6045.875	9540.093027784613	5255.296678392557	2520.218716911925	4381.193346888949	6406.75	10526.552858557767	5562.599018365692	3045.068834732128	4807.151980171639	6497.375	16470.57506064285	5764.398048244588	3400.9762477005215	5477.062361058795	
6367.25	2171.5360318463518	5411.936394530525	1093.381545328943	2709.02942868362	6176.0	5306.899813153623	5145.819161331827	1737.9274224078142	3181.2173005947507	6034.25	7239.159142752272	4990.376126799861	2370.358874998962	3723.5377393491267	6554.75	9078.67427779035	5460.970517073766	2820.244456109764	4678.045804465398	6953.875	11782.56806619406	5972.758645806036	3345.7240803616373	5200.836358215198	6497.375	14275.205083519451	5699.254087264673	3644.4822981079774	5032.575534429228	
6388.875	2101.591707887548	5328.572822878402	1078.3766503877662	2633.54050315986	6129.875	4835.17004386831	5097.262658911975	1767.532617562696	3276.289258872398	6475.75	6785.546190710366	5462.696239293421	2307.4198873943105	3828.428346117009	6773.0	8948.75131036915	5788.282709000404	2659.605859799347	4918.971581207956	6714.375	10860.507184869679	5762.456424270353	3013.1508799998383	4876.965583084958	6553.5	13366.618293296868	5564.832892090597	3446.9155631950475	5062.7481039624145	
6715.625	2147.433678754896	5599.652018398222	1080.2445646384035	2597.1256404527467	6245.875	5264.555028298695	5242.664342346724	1762.195010078096	3471.8995560325993	6390.125	7281.069534480003	5381.095918097531	2230.070812201542	3970.870244711074	6201.375	9181.088658594334	5249.194840197447	2643.4936204469823	4515.5161653320365	6440.0	11411.155386874023	5503.989376572139	3127.010804557008	4840.5252021572305	6272.875	13947.49224118187	5474.651358807459	3373.740183839592	4871.187923520774	
6258.75	2282.715944435892	5115.555093797462	1064.2145710418847	2748.895306197398	6126.125	5459.966018311161	5170.37311796766	1753.0545165120093	3276.15326515401	6405.5	5828.187509956705	5550.4387448999205	2178.18817463288	3892.8405611788908	5790.625	10020.623459533152	5051.70019602503	2515.6598128079886	4090.3449616294365	6610.875	11175.010431887495	5728.867520787191	3137.7416236870263	4867.9161454040795	6609.625	14514.118276617155	5706.631912407782	3548.5748600319184	5611.6640814154125	
6549.75	2189.5821637434974	5454.523585876948	1088.847804398047	2619.8425758541143	6422.125	5317.980676697359	5478.19460723752	1733.8644964453806	3650.6225694333243	6844.5	7344.322827898375	5744.009605725501	2295.130323041625	4292.878105853212	6329.0	9530.023717540456	5497.90676938835	2625.073424691198	4611.328810307914	6409.25	12850.335793315815	5608.625047512559	3065.01879418475	4769.920465448637	6201.375	14761.68080642599	5376.8546990586965	3278.553174570356	4799.689649793305	
6350.625	2881.95506969387	5253.3904245916565	1081.0417607818442	2779.808634883636	6437.5	5857.116231150616	5299.638730834705	1784.966558026814	3676.6126969557376	6647.875	7673.368924074291	5723.735497667585	2237.687560035684	4217.649562384131	6862.375	9563.472959893485	5862.629256078131	2669.0505742985138	5017.985592023673	6195.125	12911.26397484388	5352.7085637603395	2790.321482095862	4682.807448767622	6625.0	12656.846872673512	5740.274216632192	3367.547325258488	5397.983572664678	
6388.875	2618.9935352502307	5401.164829886843	1104.9369277369453	2694.178146580904	6658.25	4763.561797159066	5664.437753029023	1808.491010435348	3549.0046825801855	6403.0	8054.355209684611	5567.056099621246	2179.476806364576	4140.093909377434	6034.25	9025.335781372694	5155.736766323666	2507.140950892167	4330.696108393744	6554.75	12447.956632165318	5666.68190435221	3130.286855474499	5020.657259109638	6556.0	13645.80362271416	5850.123233069433	3438.4537115488447	5354.3905918312885	
6198.875	2003.6320960039336	5131.985537877815	1073.6545825946785	2453.2546713831393	6535.625	4143.475387290031	5455.958194657276	1761.2803598122546	3391.6635770826424	6163.125	6333.244467724005	5330.504983283339	2174.878467456567	3808.8690699915564	6001.0	10552.166116662986	5175.254243827527	2781.1279500604737	4344.554858584688	6512.75	11697.313700210469	5601.452313739879	3193.791898807692	4758.042437518464	6766.375	13244.474806790267	5844.409816156682	3559.518219268563	5322.415670200388	
6551.0	2036.6815005256778	5214.420261619074	1078.3462510865302	2657.6174768715277	6420.875	4866.144426087434	5355.928259728949	1780.482293417551	3467.2917168944123	6413.0	7367.314549946376	5448.998581458278	2276.8743827700537	4151.821215255466	6443.75	8617.980318386068	5436.114100239534	2610.62328272971	4551.446471080334	6388.875	11470.994639917257	5341.527223751387	3059.217506301812	4838.574656131998	6276.625	13611.995016572344	5554.040229343227	3633.867210534419	4868.543377095322	
6107.0	2312.663781711205	5082.899182148406	1158.3926740460827	2500.3517862275594	6188.5	5455.7421521259585	5273.38829225721	1835.0903791437158	3429.2016933241957	6372.25	7729.60331478331	5315.999294656569	2207.009795271124	4002.7589124331407	6646.625	8505.131552624678	5593.169707949461	2672.5592642186375	4855.375716476387	6493.625	10852.865727621578	5512.092834960534	3055.2976615600346	4799.059511982865	6488.25	13545.272353304215	5719.570535804581	3500.0534869385583	5131.804073846244	
6524.375	2580.5044534779827	5388.989901157038	1088.1955576869157	2707.5860878957	6057.125	5009.172714524911	5013.078016436747	1784.1196063946832	3470.186848929818	6686.125	6904.804727224438	5565.811625565441	2197.0166740246414	4110.897277209657	6015.125	9885.591029967998	5280.3409756715355	2541.3991503178304	4407.782949830094	6350.625	11124.33329495149	5547.320296820861	2882.796752311026	4624.402821078176	6405.5	13769.509539965355	5585.53221868658	3504.780932087563	4923.301176424016	
6184.75	2289.521796691323	4998.681220319974	1071.208874815946	2783.7570814950336	6220.5	5781.20740120359	5243.055394939968	1774.9496290095587	3444.446365019219	6497.375	7335.476442811236	5545.03369604273	2223.353155304802	4059.3707062127287	6410.5	9746.015358485234	5436.943502230623	2740.2707229740513	4645.4442229787655	6290.75	11642.07248564915	5495.064497404068	2865.470031603887	4673.759814851255	6762.625	14761.944009885912	6001.324001409515	3638.1376812769195	5824.587941563551	
5904.125	1960.5596103234784	4772.478352483832	1062.8481742849478	2562.560077113749	6371.0	4931.387138378414	5320.584778026063	1820.0858221980359	3432.271205473585	6478.25	7384.838291321536	5321.394830208447	2192.375260113362	4119.458170281186	6526.875	8937.931797429073	5655.597024499779	2580.676667554684	4669.166842278289	6491.125	11521.945162759166	5547.576461934534	2951.146925556329	4954.925828927269	6237.125	13840.721009727502	5545.807951061986	3183.494379094559	4932.646097852367	
6420.875	1948.6902766039916	5288.6594669905635	1089.3311693032447	2479.758370444422	5983.125	4615.954322955454	5021.938750047091	1779.2916431031513	3341.4736521734962	6681.125	7027.007707328031	5738.908701601733	2192.7209309233795	4301.281583420776	6309.875	9972.093886343722	5470.063855063408	2585.883106609521	4701.080842218047	6129.875	11142.966759756047	5290.6223862252555	3092.8926350397087	4523.4384272772795	6534.375	13609.26418150162	5754.719666393973	3475.983940041387	4962.927085545347	
6382.625	2685.1340186968523	5238.512601708063	1050.3919599431415	2632.735817392894	6461.625	4381.286170001657	5308.865910938826	1774.022013217549	3471.549673037021	6258.75	8157.185569207659	5351.678810656809	2206.3175774686333	3751.3696967408855	6607.125	9145.407948312839	5687.645678318157	2860.215761336817	4716.649985306252	6571.375	12081.781970931319	5790.93747139422	3163.2436167504875	4945.678171617864	6702.75	13004.733646555711	5919.091212478479	3766.9295951011177	5302.108827436556	
6372.25	2426.6148424245357	5349.475522163258	1090.637818836958	2641.2705642849464	6515.25	4964.9147707354805	5364.089901448003	1771.9155783283325	3712.0017902105	6272.875	6603.861860401668	5325.681973869315	2206.649896622525	3836.219808705638	6918.5	10254.016431388238	6087.537801851751	2672.6020912713007	5131.214661305557	6142.75	12522.672838693852	5426.63077231604	2848.3311464631743	4518.681306594146	6378.875	14251.891105014105	5602.67616325151	3214.4538703777193	4779.18840802161	
6647.875	2269.6646767078832	5522.208205345565	1149.59837982592	2750.4755447655198	6478.25	4797.648981624465	5402.772407845465	1737.2606481733844	3564.3428584688854	6257.5	7907.619821024841	5350.8743965266185	2198.7196530808965	3842.9021860456905	6904.375	8928.627879206058	5857.734501529958	2863.6996659260435	5124.728504987855	6147.75	10675.010564614498	5379.046755046949	2881.310420671485	4547.498087910839	6295.75	14467.652305287786	5382.873521828999	3347.08435188572	4913.1957542041855	
6391.375	2093.2784799521	5438.535190147572	1059.6026376284672	2632.6531801586725	6123.625	5335.672937845583	5169.85940840172	1775.308616957586	3235.6963402428196	5809.75	7895.047168813615	5060.631241358509	2164.6346622482624	3864.3692231973146	6497.375	9850.485573213375	5601.092040932172	2719.097643135372	4613.177979363296	6683.625	11894.951397758483	5669.296409284303	3209.7268257571563	4987.1626900018155	6435.0	13808.180625823687	5503.702772995146	3318.3278971765612	4980.897930204879	
6591.75	2252.440700444239	5526.477540421991	1076.6246025573812	2805.79066631807	6667.0	4293.969484241135	5564.7627769151	1811.6317284844179	3478.5328245286773	6192.25	6805.340274640314	5118.773155590168	2372.0900394192468	3858.722562839075	6183.5	7918.691772437652	5338.124223451574	2795.016298870177	4556.438367394635	6425.875	11411.350938893673	5605.476785832064	3058.2272685663606	4732.79521549349	6437.5	12713.02655394078	5706.261640836625	3344.4336021490863	4960.193448197599	
6645.375	1805.6242323482657	5596.217148387017	1083.7444265826418	2696.062871415162	6533.125	5465.609686571287	5489.8829924408	1829.6904997294505	3476.0555068371004	6369.75	7671.0663763083485	5499.627778055099	2231.587578640372	4046.70060801657	6107.0	9076.674965403663	5328.08791152435	2536.3519241838026	4340.954655021272	6585.5	11598.187716982398	5659.016099742219	3043.743224147528	4802.856696789975	6146.5	11997.02344763725	5344.251886690596	3260.7436767608197	4801.476140512239	
6237.125	2286.209973226192	5235.922460910787	1037.0896869097037	2754.4433443004486	6460.375	4879.797296525569	5460.825866276093	1756.2984725869535	3408.8828938372953	6334.0	7608.9304419227365	5444.095967561685	2245.2672535574948	4055.738299577563	6350.625	10446.36332785928	5451.2489268068875	2656.3226198245343	4636.401674582751	6498.625	12516.108162005146	5716.678644269494	3074.357994760025	4855.897312180667	6221.75	13569.505443045087	5529.69139611169	3306.995668920855	4809.264215370467	
6770.5	2185.448145870177	5556.180442518211	1139.6045258991708	2727.652931603293	6404.25	5158.565918807385	5425.545966994867	1772.9583835073213	3373.5520246618853	6380.125	7885.732431815136	5447.485855919682	2220.9204072754237	3994.2106523048897	6329.0	9258.874876352163	5528.656373499629	2743.4154408448994	4450.339864250929	6381.375	10966.353857673168	5458.534123485033	3129.214220083427	4759.6200925004105	6313.625	13493.051221842768	5616.566461218018	3369.4329499214246	4742.3815491034375	
6771.75	1901.9613954097858	5505.439745480076	1064.3687121698347	2810.5134185732068	6571.375	5134.5502408456505	5657.120926258729	1748.4773017559814	3575.185835450915	6179.75	7241.311709658857	5182.829700787119	2125.0445796667827	3836.4569942155777	6274.125	8776.531249353367	5488.055618785616	2599.288117681144	4432.81538189112	6715.625	10947.273990398238	5822.447527579303	3081.0404861489574	4982.095080940268	6588.0	14241.786021674128	5589.28694289168	3433.2828601721244	5075.1171605362315	
6682.375	2469.249247669631	5647.2328649149795	1067.9847320524375	2675.33937009996	6366.0	4901.829651167613	5431.943270461677	1755.6589406744217	3388.522602434341	6373.5	7732.831601505276	5418.2951736116465	2214.5799992565962	3929.0885380787654	6239.625	8513.698586323608	5458.117899481041	2649.122539364782	4560.287078482406	6257.5	11393.214920801256	5385.150314078269	3011.332250841301	4713.060832794385	6480.75	13264.879556671125	5682.416890435014	3387.1924480078683	5211.974659032595	
6552.25	2175.8484088873993	5515.234266863463	1053.7739965756596	2507.3306261030802	6013.875	5757.241875337305	4896.359996649265	1735.1897147563182	3492.0374751510926	6118.625	7621.887659437794	5203.357730345659	2134.725107976803	3996.238875077982	6459.125	8496.032434204593	5464.7853406653885	2538.841766334105	4476.268633760879	6502.375	9549.97428287927	5518.895215833779	3186.673483451892	4740.7526008187215	6010.125	14492.200254233765	5210.947987899496	3311.413403505457	4636.374704540463	
6422.125	2485.1276961032886	5110.840450374391	1086.9476841218993	2611.2100007582694	6400.5	5688.5354147375765	5293.920065551267	1764.0292820941654	3603.9122257486256	6541.875	7688.435134473498	5589.0875342551435	2236.114431842778	4170.053647084078	6366.0	9177.895306282555	5449.049639025322	2598.3548179416393	4659.045518164703	6214.25	11681.679245306637	5216.43921244786	2980.9346106792837	4553.036289270176	6306.125	12527.951406882097	5562.186894117145	3197.8010521124784	4666.352816007993	
5938.625	2405.485670385795	4940.486184364066	1083.9620942057527	2499.5665711314227	6738.5	5239.287046368013	5621.627051897329	1796.8273146138713	3541.2378275946503	6566.375	6162.058546491917	5523.366076999284	2315.832559887946	4044.659033000787	6440.0	10515.656322039524	5712.672106077302	2619.6405807761525	4593.605837503187	6450.0	10996.54551773492	5642.584133738346	3278.5390934257143	4843.403503299984	6072.5	13489.960957465912	5412.059311805966	3351.3128988459102	4663.361431207217	
6409.25	2203.470738220154	5327.112051232689	1084.1471315514714	2616.9849527179495	6388.875	5075.3368300085895	5324.132967138112	1754.0578505592268	3413.161267120903	6531.875	7458.466851961704	5549.9563597500355	2238.556242631018	4006.1253442877805	6085.375	9553.804656657161	5287.186159486491	2511.194013520162	4270.048991730166	6409.25	12157.395258199473	5504.815488929435	3085.4227286388204	4709.2594021590485	6770.5	13764.959418143775	5854.4313259879555	3422.0026144730864	5531.8647195874	
6637.875	2340.6360084389244	5496.111440042967	1078.3235933629885	2742.929419018675	6576.375	4783.212147538923	5634.730011214166	1752.0214885765467	3519.428641797987	6477.0	6159.640206984205	5351.654935768271	2219.9956670453826	4016.063782769288	6247.125	10374.349716758323	5387.227717183141	2689.897423669286	4561.23803054221	6770.5	11568.6831780458	5722.049490457076	3040.864418388303	5137.44117305255	6163.125	15564.023074241124	5436.805365232049	3120.7037961130422	4779.090457040997	
6554.75	1965.6873893882425	5383.375320913979	1128.6710110376337	2568.1203868049406	6337.75	4024.9921112655784	5359.268163966015	1800.545087262174	3521.3671644153937	6586.75	7587.2522740002805	5705.053647344709	2228.2160361833085	4212.785221415497	6679.875	9351.212362918977	5561.689312357061	2705.057921604321	4752.555241668862	6462.875	13117.736642488682	5560.527535805963	3161.4243542065224	4829.74295527277	6595.5	14252.760897738799	5673.756217291313	3407.12791596988	5173.013978456314	
6313.625	2672.202406933148	5152.350682386905	1065.1100631374136	2598.716903933724	6480.75	5005.84078100413	5521.34852531622	1750.7479296477597	3511.487627183832	6628.75	6872.587519259499	5665.870230797023	2240.733092825178	4211.0737138396435	6145.25	8177.809607278814	5309.02954083377	2607.7501869231105	4459.582206276515	6536.875	11355.063933710322	5777.5851421502375	3333.0976915298143	4914.700568503565	6446.25	13594.682480581945	5673.554581206885	3519.1239630225964	5130.843595668064	
6281.625	1974.306835791352	5086.81750392571	1082.703215352271	2856.707038347604	6366.0	4717.133524417326	5339.918072830161	1771.052554380922	3413.363724441565	6420.875	6958.4819138932535	5585.782960441813	2229.291414923161	3765.029911709541	6525.625	9418.828473202651	5490.203791702701	2541.357956988071	4825.808877904962	6602.125	11468.160955378757	5650.851657326278	3016.7363953999716	4766.387285194796	6742.25	13170.854714778574	5966.858658969137	3655.9556723449546	5310.33513184502	
6224.25	2193.375716066763	5174.0182480340645	1069.842388731056	2742.6578017804595	5962.75	4435.928373110817	5043.1975061618405	1760.417707123475	3217.926213066048	6396.75	7312.586187644343	5436.383247832118	2293.3420202863717	3836.8768335138902	6258.75	9289.814251895466	5389.8953330937165	2645.3872259730797	4558.535667585711	6346.875	11369.305041104886	5308.623822404636	3101.821879474931	4725.165096209341	6423.375	14351.970123340565	5459.5198767181155	3457.4560621873343	5151.709578027105	
6388.875	2061.916668052395	5318.714367549818	1089.8161668807388	2620.514333279074	6172.25	5626.414431875117	5272.1853007082245	1766.1382310113727	3219.316408514399	6411.75	7265.320303269526	5267.111079308672	2198.0433892681694	4042.6633749291987	6480.75	9782.003757418175	5542.247543521745	2601.6521843741207	4751.842840945251	6461.625	11471.886076090217	5531.095865980875	3036.632655601259	4808.345377386115	6520.25	13629.31010425284	5663.928119549313	3663.5039631559653	5268.964580912096	
6364.75	2546.507633610938	5274.5308286601785	1063.5735008706451	2755.0346167673915	6410.5	5721.740615514536	5472.921067325227	1804.8014676931568	3756.4989483671984	6479.5	7520.9311877808805	5588.645299416481	2179.2502576982706	4046.005148464298	6901.875	9439.592194979945	5825.014655678318	2644.812597738389	5097.339097748478	6533.125	12241.261977591625	5650.689039032491	3022.9847209750383	4916.564896729127	6464.125	14966.967260165578	5488.478445047584	3517.2982164988543	5463.367273397854	
6552.25	2275.082941708135	5535.137072951531	1139.4302132106282	2642.1180073805144	6142.75	4982.994322212809	5101.496315389661	1766.8388256809662	3298.3268003543476	6201.375	7120.656761431592	5263.7126873237	2178.5899164185143	3992.8443154932374	6498.625	9545.482406160938	5638.814839107721	2630.069261799933	4840.492763055454	6699.0	11409.47483041443	6036.605320318859	3346.682325859934	5103.233061160064	6498.625	13964.68732776172	5612.434660677666	3700.320062704819	5404.674229858711	
