6496.125	9779.646100512471	6011.67214564201	2648.784716393039	4810.7551370621395	6483.25	6307.786098697644	5573.7143724964335	2123.525405311816	4259.632455422667	6409.25	4110.465842260183	5260.29094328397	1815.1749229953944	3391.411171792506	6295.75	3808.1578097055035	5209.101658654359	1498.0976924204501	3229.3412585426377	6279.125	3296.8382175921565	4883.690952055238	1366.6485296632313	2980.5437861820465	
6497.375	10754.893602409724	5918.945886608935	2514.965028449901	4977.313721281875	6630.0	6372.225964580481	5801.221504434079	2086.550131622733	4433.781157593301	6585.5	4761.393159028332	5370.6540465315375	1762.99180644554	3274.549718207957	6126.125	3340.551558085181	5027.323951982142	1516.4437318899368	3448.4053494778027	6762.625	2808.1938597772973	5219.493985971583	1431.5884890262216	3074.834590648434	
6387.625	10300.66625456929	5922.116871466987	2476.540621658783	4828.98055575916	6477.0	6939.958363818672	5843.756557521004	1990.2783692079997	4196.1972057805515	6435.0	4508.624382336051	5447.7886689321	1757.67706189047	3401.5811836251614	6288.25	3252.7678620087054	5158.004056684536	1523.2111114009942	3028.842736353453	6483.25	3034.9525701664393	5062.743778220465	1402.0918950947957	3077.3800154976157	
6289.125	10926.710868286544	5769.524553286977	2709.181998895641	4789.5837884655375	6594.25	6870.52816516196	5795.498420848038	2078.5429046369018	4173.489102964811	6644.125	4910.478407830529	5640.675101895699	1778.7283335738737	3533.701472064761	6811.25	3313.5367033566795	5317.857608789059	1532.3969646416936	3380.3951209981656	6274.125	2151.2905489994364	4809.835784677057	1341.6701572118257	2689.8866088116883	
6609.625	8765.8318410991	6084.32677267222	2580.685230036058	4925.520188405935	6234.625	6676.968200254838	5437.290721772985	1996.4342427737495	3799.202280647224	6161.875	5053.98560333579	5294.761176018017	1739.0263430038756	3356.434130364904	6512.75	3240.259287452057	5562.6761954205795	1535.4694478190388	3055.541532528045	6144.0	2882.8943336337766	4489.900528383861	1394.9174550134067	2764.3484147442064	
6446.25	9730.156950229082	5886.712832251893	2725.1392559582055	4896.338666548201	6398.0	6436.867854015708	5597.747173545516	2056.409433441556	3926.2622408202255	6353.125	4464.948040121006	5320.929473910694	1734.1908618554348	3431.915218537732	6806.25	2963.6120192076587	5368.706895017751	1539.6475128980983	3210.9700031010375	6290.75	3311.586308355096	4724.481394462962	1364.2072489129794	2827.6143197143697	
6367.25	8140.900396874112	5934.689466645144	2598.6872037155963	4792.218988363013	6386.375	8312.248239720933	5590.434535902115	2040.6748736064894	4104.394094960911	6753.875	4734.958578325377	5588.3621181235985	1827.3193562584531	3730.5871799366123	6369.75	3746.948707945202	5177.591465817945	1545.888150217033	3018.5718126010015	6378.875	2214.592764872838	4947.384869865558	1398.807111263657	2696.3913857730936	
6753.875	9615.74556599997	6094.3084928621665	2702.839223012448	5262.3514077121035	6697.75	6502.904782405252	5896.775382298211	2053.226415738489	4336.125409767506	5883.75	4693.2885933565885	4831.595363012886	1762.7561185267275	3011.261614717486	6387.625	4058.430584405816	5144.998518543796	1577.9242566778173	3197.4486489759047	6092.875	2889.444529530577	4605.727837846023	1360.0011013064893	2814.193246772782	
6383.875	9460.7988682321	5683.771448182616	2763.93328002153	4837.065933950635	6577.625	5746.318435748807	5695.783507439577	2140.067436274103	4147.794038127883	6274.125	4774.0409081169455	5416.41046071896	1724.9284381071666	3369.260004562571	6295.75	3438.903455809558	5144.164584276895	1541.1363861802336	3100.2415826376337	6464.125	2837.273063454241	4960.74793233411	1400.3378594331716	2966.919934031379	
5992.25	10342.188546090423	5534.74877938904	2515.363170104109	4418.958882066464	6682.375	6165.780144102798	5880.71567174701	2029.5514565361898	4202.836209476243	6424.625	4815.9760069910035	5317.541463195616	1770.674434856582	3626.812608394425	6480.75	4006.5091194806037	5312.067561528385	1577.8674765167239	3208.316588170936	6609.625	3331.813653291974	4923.596773915584	1425.6479116399423	2892.3019515973856	
6140.25	10553.84222118151	5615.661094296054	2464.1973716470707	4665.110025366619	5860.875	5356.5495798043885	5271.139106159657	2025.969821614844	3494.3679719642887	6270.375	3534.195878008625	5112.028246230151	1748.7654464470868	3334.982172517113	6517.75	3755.2612931899284	5126.741007124472	1585.4267733499364	2989.7725495566388	6630.0	2949.1402791709083	5016.480125058515	1380.328244079234	2884.1512409264033	
6830.375	10417.001349685679	6261.10132043884	2639.5081359691185	5185.473291642901	6549.75	7115.458241498884	5810.403757111803	2036.0541918597314	4223.871066702624	6590.5	4682.0763716471065	5598.6402506001195	1743.7021453001942	3709.0521023268725	6480.75	3506.264028995921	5181.715750516783	1560.4748270209293	3225.385394148491	6480.75	3639.3978857062416	4879.432017619635	1373.0239634926331	2887.0709858845626	
6659.5	9987.89724028212	6075.888587636607	2623.7751248030536	4942.350297650459	6332.75	6436.245253048782	5395.528894310326	2000.200092216549	4052.4828213957435	6391.375	5175.0049363304715	5403.589295398047	1758.8370906620178	3436.251317809662	6530.625	3290.189277176919	5209.52363738824	1586.5725221622936	3167.7719474177975	6662.0	2530.922505547336	5094.705332464443	1358.6822828922488	2997.50136401644	
6367.25	9148.71827203877	5702.1565623593115	2462.0845431777775	4917.227580832726	6090.375	6855.148175876311	5579.036063446487	2019.898799373688	3958.484373494393	6392.625	4744.185665986709	5321.477881409296	1790.9715860198535	3452.493142924708	6696.5	3494.5564266588867	5391.518626850319	1611.2710838278351	3228.3999777192553	6553.5	3428.7633893443963	4919.904193825416	1387.4281674228728	2852.2312958329853	
6279.125	9646.096539448734	5828.1795741118585	2685.234437028528	4775.85592818085	6646.625	6617.200847853964	6022.715098239153	2062.6693759349723	4177.543757599104	6176.0	5306.899813153623	5145.819161331827	1737.9274224078142	3181.2173005947507	6741.0	3165.070601120048	5454.289082990251	1612.540945660549	3340.4247273764513	6663.25	3476.5026089206494	5044.227025148253	1387.7795789850366	2777.150323179848	
6563.875	8871.24156537343	6024.980666704957	2559.0661952442815	4970.663776028137	6274.125	6771.098739309591	5640.28392414774	2053.775396454166	4004.9886764096987	6129.875	4835.17004386831	5097.262658911975	1767.532617562696	3276.289258872398	6329.0	4011.3866841139225	4958.958002720878	1502.5994514267043	3092.8249874147223	6580.5	3070.397201502131	5074.932128277696	1367.8729536771575	2587.9910556500436	
6514.0	8973.857033194357	6010.9455511068345	2719.182561497144	5039.248982722835	6529.375	6157.335665369319	5702.644809170933	2000.589722932375	4164.666969833153	6245.875	5264.555028298695	5242.664342346724	1762.195010078096	3471.8995560325993	6405.5	3587.904864990705	5081.1419741678465	1527.7965052923569	3257.6397463403046	6408.0	3113.5467123549247	4907.908696711403	1448.6720283112704	2926.528874130783	
6479.5	9470.440614886791	6063.720838706628	2589.7549086570634	4828.086996063842	6443.75	6134.669028398757	5580.973886196198	2005.2466077119627	4011.260307822654	6126.125	5459.966018311161	5170.37311796766	1753.0545165120093	3276.15326515401	6831.625	4030.625296831773	5507.1749761800265	1516.925002506354	3363.1004019815955	6795.875	3070.779337978635	5205.060774943257	1427.6236892016068	3022.123489999356	
6647.875	10027.568721821917	6055.605340588765	2623.017586039441	5069.642936242366	6067.5	6949.462620362588	5434.4560914893245	2046.9545404532616	3789.6859869360937	6422.125	5317.980676697359	5478.19460723752	1733.8644964453806	3650.6225694333243	6462.875	4067.939988313268	5219.7258405180455	1550.6858925767967	3247.2015283583605	6521.5	3289.7814065356497	5224.13279468305	1385.4172030232394	3116.007943693662	
6642.875	10639.42128014527	6005.854717602173	2661.4187301700695	5065.843059527345	6076.25	5675.259668467973	5568.230192868059	2061.992416804296	3888.9833596886506	6437.5	5857.116231150616	5299.638730834705	1784.966558026814	3676.6126969557376	6336.5	3917.0634103288094	5135.732225046431	1567.8229331571085	3101.203627410501	6215.5	3403.6369142796116	4632.515017242551	1316.1484887598247	2776.9881002321154	
6734.75	9436.610190690863	6130.503770226731	2638.6423584769564	5074.820103188055	6514.0	6596.53782990657	5718.123712619754	2078.710077462001	4001.1482384754036	6658.25	4763.561797159066	5664.437753029023	1808.491010435348	3549.0046825801855	6392.625	4113.140490748269	4990.632075789999	1564.2518960587047	3183.2004908853633	6788.375	3032.7230863463633	5367.706391881452	1418.4925850566106	2888.7377055230013	
6381.375	8317.631590743591	5873.384124240933	2566.2551654580957	4786.179877816314	6239.625	5643.615286332218	5386.3220582542635	2033.9518353214357	4034.97622360303	6535.625	4143.475387290031	5455.958194657276	1761.2803598122546	3391.6635770826424	6682.375	3415.1316458674614	5460.656686340001	1547.3847292090354	3122.701387826369	6132.375	3760.962308550483	4793.72473250425	1371.7320830215683	2859.3810293100123	
6292.0	9920.633214406686	5664.151764418682	2553.5755805749077	4838.0708833376175	6450.0	6646.383958870395	5693.014680879272	2015.7362115645572	4268.78732965086	6420.875	4866.144426087434	5355.928259728949	1780.482293417551	3467.2917168944123	6699.0	4229.95763539629	5247.130389068276	1566.0942445603002	3259.434957630816	6748.875	2832.52724678906	5367.052978079002	1385.4313729138444	2937.614663963879	
6520.25	9511.075433532978	6028.865005200781	2813.1542905610313	5006.281343616098	6605.875	6107.473369215345	5753.297953065251	2215.694939700298	4189.3092401213435	6188.5	5455.7421521259585	5273.38829225721	1835.0903791437158	3429.2016933241957	6473.25	4376.319120212766	5225.157085689638	1539.2484020542486	3284.847222473249	6551.0	3422.4375871844622	5145.190435335626	1405.1593557414349	3036.390738553494	
6499.875	10644.591165950398	5920.064041662017	2783.079790469162	4818.148209798928	6316.125	6169.370445705405	5678.782562006503	2109.7713394566417	3970.532476582388	6057.125	5009.172714524911	5013.078016436747	1784.1196063946832	3470.186848929818	6451.25	3508.8237615902067	5270.840359172859	1584.159377579914	3243.114100905883	6570.125	3334.359384034558	5034.560467658266	1383.7029347838968	2840.376968678829	
6092.875	9701.06683092226	5533.024279070309	2672.2331558925443	4720.643642354053	6478.25	6377.052920347721	5789.86951996114	2024.2126061636961	3981.02570997394	6220.5	5781.20740120359	5243.055394939968	1774.9496290095587	3444.446365019219	6364.75	3737.975949823791	5183.949212635243	1600.065359486863	2825.769579981925	6387.625	3320.6120701437726	4897.851935565988	1392.1937370759354	3071.991386761997	
6645.375	10034.841738231533	6097.6177542018195	2536.1411571537933	5073.630166581925	6353.125	6943.941915977671	5609.376259734048	2059.2517577901363	4096.598319080558	6371.0	4931.387138378414	5320.584778026063	1820.0858221980359	3432.271205473585	6536.875	3430.2615511053764	5126.610144543409	1554.6873662868566	2938.7018678251193	6308.625	3632.3323167436524	4982.669989541038	1425.3820749155411	2895.497465965176	
6626.25	10811.963431431768	6144.477312515877	2656.2384638357375	5076.0753911623815	6707.75	6604.172744365933	5895.950718201882	2092.3197214377315	4329.626710466155	5983.125	4615.954322955454	5021.938750047091	1779.2916431031513	3341.4736521734962	6728.5	3995.6112848995976	5521.777541525727	1548.5607107325475	3032.663190006576	6351.875	2258.353484895341	5003.24263239471	1384.9455532433951	2746.367288491514	
6750.125	8838.946280996146	6142.447864547043	2510.8331042775367	5089.111503561326	6280.375	6374.3182139191495	5524.399072728605	2037.2519308560582	4063.746834351454	6461.625	4381.286170001657	5308.865910938826	1774.022013217549	3471.549673037021	6383.875	3912.476949967667	5127.282877909755	1543.618782199522	2814.9311311313077	6552.25	3385.010891393629	5012.513747815617	1408.6941071831777	3023.2686257939936	
6593.0	9550.688591327998	6001.979714589627	2762.046059073402	4858.688072241915	6572.625	6412.9287707200465	5792.454095233214	2107.559097522768	4152.079274157464	6515.25	4964.9147707354805	5364.089901448003	1771.9155783283325	3712.0017902105	6392.625	2853.9473579107553	5180.057247028564	1557.5205859228329	3210.7759696204675	6250.0	3284.1555138936046	4655.4696454720815	1363.833498364666	2746.542739081735	
6261.25	9066.346023792803	5790.580629758562	2517.897642369636	4796.981825443368	6573.875	5400.080618094996	5633.9260209527765	2049.6818380833956	4125.261623418068	6478.25	4797.648981624465	5402.772407845465	1737.2606481733844	3564.3428584688854	6474.5	5008.240112548585	5185.0833873665015	1509.0532410478095	3138.6704720015177	6760.125	2873.101157695558	5101.109984074733	1459.2651666670179	2838.427574801064	
6585.5	9870.154388543095	6008.52191986226	2614.2237051507445	4957.556578814494	6530.625	6409.293940355008	5805.259915512837	2169.856342396389	4126.83190420957	6123.625	5335.672937845583	5169.85940840172	1775.308616957586	3235.6963402428196	6459.125	3382.553655827688	5110.195400898078	1468.4644587508785	3181.4438033452766	6294.5	2879.701882670488	4595.064620729465	1518.9113768878042	2679.844709052676	
6330.25	8825.80360439561	5813.407562026934	2488.7067799852875	4772.6114851217935	6584.25	7047.468092969138	5745.799315945376	2053.4861647838898	4231.8445408721145	6667.0	4293.969484241135	5564.7627769151	1811.6317284844179	3478.5328245286773	6371.0	3014.6729713016266	5201.766919202936	1548.316966553328	2991.309846571296	6812.5	2992.9871211042127	5248.798342609038	1393.4828911866161	3049.4779319032887	
6385.125	10399.840522357892	5858.909859312111	2479.4656561937395	4805.480695038373	6446.25	6884.8219861822245	5696.616838766247	2024.4955452893946	4125.008830953106	6533.125	5465.609686571287	5489.8829924408	1829.6904997294505	3476.0555068371004	6424.625	2850.891758040757	5361.865165888075	1562.4354153547913	2988.9313315905306	6515.25	3536.117343522602	4969.011393494749	1408.248010468127	3004.467045802059	
5809.75	9716.967725416749	5242.321631868855	2340.9091864935226	4301.36292668117	6216.75	6493.72360745463	5461.986600988769	2153.6730773314116	3913.970878911326	6460.375	4879.797296525569	5460.825866276093	1756.2984725869535	3408.8828938372953	6699.0	3324.8732979628844	5431.036270540842	1555.428796411658	3518.1584474780348	6216.75	3150.837652398967	4914.2969431291895	1379.3661389371237	2773.0905592672298	
6503.625	8803.122189099362	5916.6140845432965	2684.934801594475	4911.008358069212	6232.125	6515.7154612016275	5461.499133642047	2001.327132089913	3885.5779166730913	6404.25	5158.565918807385	5425.545966994867	1772.9583835073213	3373.5520246618853	5984.375	4044.7597774420724	4732.913553877966	1532.3883013586453	3077.214925927266	6554.75	3133.20510219753	4980.157214869847	1392.0428610214205	2852.5292303478063	
6225.5	10044.136066351963	5718.5945351288265	2459.6834268620078	4819.725434627404	6787.125	5183.252348888147	6016.0257315231065	2071.0065989062214	4349.940024801432	6571.375	5134.5502408456505	5657.120926258729	1748.4773017559814	3575.185835450915	6641.625	3638.461486656395	5606.333750555361	1534.6646147006754	3183.4003433183343	6332.75	3120.647396890232	4725.243987143706	1473.2242032698223	2824.060279940473	
6401.75	9374.798504399469	5960.45600275278	2422.5279052194	4831.707971885612	6349.375	6316.842075047827	5480.745427453006	2032.123364854433	4150.074210858487	6366.0	4901.829651167613	5431.943270461677	1755.6589406744217	3388.522602434341	6460.375	2975.403038910766	5313.997350403944	1581.8512640662873	3043.696745381602	6368.5	2931.843053451339	4972.388713116719	1414.0191268123317	2734.6449929377554	
6417.125	8672.184625752581	5714.962019356768	2502.522302367538	4758.863125723536	6405.5	5894.090830458795	5491.5494310396225	2014.6747032036365	4107.807808741934	6013.875	5757.241875337305	4896.359996649265	1735.1897147563182	3492.0374751510926	6557.25	3485.2098710103364	5271.323953353781	1547.6231662207192	3311.909111578412	6182.25	3650.3568914736866	4391.503468907987	1666.7556796423246	2908.435627770794	
6802.5	9620.524537184956	6316.019664552066	2532.9670064030906	5077.757962172804	6677.375	6613.237540708544	5817.614219612489	2070.266274627061	4373.309019373111	6400.5	5688.5354147375765	5293.920065551267	1764.0292820941654	3603.9122257486256	6350.625	3913.661587304636	5285.629625842406	1539.9095640643222	3078.3422197405803	6289.5	3684.512046199225	4816.044749622204	1425.3429820259091	2804.1990349070907	
6239.625	9756.431418370646	5734.8241666465	2560.6224845624874	4561.421545111398	6168.125	6162.996657121586	5433.714482208379	2076.400374195935	3952.6283088956666	6738.5	5239.287046368013	5621.627051897329	1796.8273146138713	3541.2378275946503	6094.125	4362.081138884227	4936.5027908992915	1551.977912742898	3192.2438691587286	6700.25	2509.5225206839414	5322.451696372865	1391.4181185604477	3031.9968021200552	
6385.125	9979.262848903896	5809.161988734967	2580.8734319400583	4782.251909820623	6405.5	6380.065428027079	5604.106207238548	2039.289134306344	4147.447212663155	6388.875	5075.3368300085895	5324.132967138112	1754.0578505592268	3413.161267120903	6646.625	4184.5851008347845	5235.620395075143	1537.3744179802204	3346.765216463968	6594.25	2400.49633068788	5005.868766066022	1392.6339358920213	3060.7978653411874	
6220.5	9779.043395687702	5653.002356142569	2452.804053472527	4703.57086897923	6853.25	6301.194719941452	5967.987417288868	2294.1914491688044	4457.126775207178	6576.375	4783.212147538923	5634.730011214166	1752.0214885765467	3519.428641797987	6202.625	4011.2085020605377	5165.092112258054	1509.0133180576731	3208.7740466344258	6141.5	2910.7714071868404	4702.528612839089	1366.4170359899383	2694.1411487079176	
6972.125	9252.997881047208	6480.252092758552	2963.3167879622915	5473.465913714594	6459.125	7071.206092093181	5725.062504827773	2043.9877102563134	4102.659679747622	6337.75	4024.9921112655784	5359.268163966015	1800.545087262174	3521.3671644153937	6512.75	3990.259276033436	5341.2527125086635	1486.3617411614066	3465.223198644809	6293.25	2822.6590661323803	4768.014167879733	1443.3994110452895	2999.6128884781024	
6506.125	9716.506839111174	5933.177331925719	2607.118310122212	4980.596636052578	6568.875	6972.561767968137	5909.765609972517	2095.4711069771765	4243.445008060685	6480.75	5005.84078100413	5521.34852531622	1750.7479296477597	3511.487627183832	6332.75	3624.746719804334	5117.762854194602	1592.478896415083	3091.3593512865036	6224.25	3024.2193064284797	4787.691994458529	1359.1817507423398	2951.369597747726	
6739.75	10176.153252829843	6209.987426670383	2772.796032483194	5182.656241695366	6359.75	7165.262553204304	5522.2691255566815	2016.7507762415821	4141.99366884635	6366.0	4717.133524417326	5339.918072830161	1771.052554380922	3413.363724441565	6641.625	3996.445827651141	5452.7622019888495	1549.7621282415955	2835.3204471919626	6488.625	2725.6141846944406	5202.304469945939	1394.6281220663461	2864.6807582147667	
6942.625	9009.723199164539	6319.227847420238	2835.6732022782503	5334.932268426637	6758.875	6189.305651882416	5906.500181892554	2102.764069601232	4226.855234288262	5962.75	4435.928373110817	5043.1975061618405	1760.417707123475	3217.926213066048	6826.625	3830.408879200202	5531.517482406542	1559.3354037492256	3216.9805092117344	6460.375	2597.7228928546547	5075.103690672912	1408.9877887667644	2812.391799944409	
6924.75	9698.098065846532	6377.383018240996	2770.902392520465	5310.894515516275	6422.125	6189.476139777634	5756.416034961627	2053.5385921729576	4085.2910269204876	6172.25	5626.414431875117	5272.1853007082245	1766.1382310113727	3219.316408514399	6257.5	4391.127452636915	5209.0946776700475	1530.380543066971	3217.7267727900785	6586.75	3105.971557377563	5073.542499719092	1362.2249391326445	2837.119257972352	
6281.625	9031.640939886473	5828.580393677155	2610.005869746136	4716.345257476959	6107.0	6797.215640551183	5529.224871527009	2045.627782095638	3797.9166377858355	6410.5	5721.740615514536	5472.921067325227	1804.8014676931568	3756.4989483671984	6692.375	3846.958088338866	5221.128791792251	1573.403546083688	3276.9936432336035	6406.75	3018.4666207169853	4996.644711789716	1516.0961476526377	2774.137914943481	
6535.625	9012.025524954684	6031.478994184823	2591.170109685492	4924.695943345113	6810.0	6588.420378699317	6000.519834735851	2053.6569279902087	4385.271996685763	6142.75	4982.994322212809	5101.496315389661	1766.8388256809662	3298.3268003543476	6256.25	4249.7850935447	5170.189621557289	1523.7166657513524	3279.650251550336	6613.375	2668.639297588826	5201.096882387768	1428.754019625624	2770.011158776409	
