0	106	20	435	634	0	40	18	494	621	0	8	17	563	437	0	0	20	467	381	0	0	18	466	432	0	0	19	415	410	
0	76	16	450	746	0	1	20	493	531	0	0	22	555	422	0	0	20	513	422	0	0	14	458	413	0	0	16	467	426	
0	40	19	431	642	0	34	15	534	591	0	2	17	486	493	0	0	18	458	434	0	0	18	549	429	0	0	13	422	422	
0	85	20	494	624	0	9	17	470	655	0	0	19	518	440	0	0	20	438	426	0	0	18	447	398	0	0	16	476	291	
0	111	19	407	734	0	3	17	517	586	0	1	18	460	455	0	0	16	495	445	0	0	17	464	429	0	0	18	477	407	
0	35	20	448	620	0	25	18	574	572	0	8	18	486	446	0	1	18	549	363	0	0	18	473	393	0	0	19	455	323	
0	29	22	496	687	0	44	18	428	572	0	0	19	501	500	0	0	16	463	420	0	0	21	479	424	0	0	16	438	341	
0	57	18	463	639	0	4	21	472	607	0	0	20	524	401	0	0	18	508	466	0	0	17	431	319	0	0	16	382	315	
0	55	18	507	640	0	17	15	543	550	0	2	20	509	406	0	1	11	527	386	0	0	18	495	456	0	0	17	422	378	
0	61	20	480	742	0	24	20	498	581	0	3	14	495	484	0	0	15	488	449	0	0	17	407	443	0	0	19	481	435	
0	46	21	455	661	0	89	18	503	608	0	0	20	524	473	0	0	21	489	382	0	0	16	475	407	0	0	20	352	385	
0	59	19	380	643	0	14	18	541	653	0	0	14	475	466	0	1	19	502	406	0	0	21	384	378	0	0	15	391	460	
0	85	19	494	626	0	7	21	547	580	0	0	17	527	464	0	0	21	475	390	0	0	19	519	456	0	0	17	445	364	
0	129	21	550	629	0	9	21	506	626	0	0	20	500	412	0	0	15	462	384	0	1	19	465	377	0	0	15	431	255	
0	109	18	469	685	0	1	20	624	595	0	0	19	445	448	0	0	21	462	443	0	0	15	490	438	0	0	14	403	402	
0	75	20	463	623	0	19	19	504	634	0	4	16	498	490	0	0	19	493	419	0	0	16	490	419	0	0	19	421	453	
0	73	20	459	698	0	24	18	513	564	0	0	15	497	515	0	0	20	455	400	0	0	18	432	393	0	0	14	421	380	
0	99	18	567	660	0	14	14	532	586	0	3	12	470	460	0	0	20	457	424	0	0	18	502	430	0	0	18	445	216	
0	101	19	520	645	0	2	18	512	593	0	2	17	517	576	0	1	16	518	355	0	0	18	495	429	0	0	14	417	401	
0	26	14	511	621	0	6	19	523	631	0	0	16	566	459	0	0	19	523	408	0	0	16	500	370	0	0	19	475	284	
0	40	20	465	648	0	15	19	470	579	0	4	21	531	424	0	0	17	494	364	0	0	16	455	355	0	0	15	444	363	
0	78	20	442	683	0	42	19	596	580	0	3	16	548	459	0	0	18	440	384	0	0	18	451	480	0	0	20	480	349	
0	95	20	459	694	0	13	17	480	594	0	0	17	485	512	0	0	20	529	428	0	0	18	443	383	0	0	10	391	379	
0	65	18	388	602	0	0	15	485	522	0	0	20	541	507	0	3	19	528	436	0	0	19	450	459	0	0	15	409	351	
0	49	17	453	655	0	20	18	559	542	0	1	19	556	534	0	0	17	493	390	0	0	12	499	441	0	0	16	452	435	
0	67	23	466	614	0	0	19	551	592	0	2	15	512	461	0	0	23	508	429	0	0	14	481	361	0	0	14	433	211	
0	120	21	511	730	0	9	19	449	616	0	0	23	518	453	0	0	17	510	435	0	0	19	455	391	0	0	16	430	370	
0	108	18	434	786	0	21	20	525	593	0	3	15	534	455	0	0	17	480	378	0	0	17	480	426	0	0	16	400	419	
0	39	23	494	684	0	33	21	538	585	0	1	12	529	493	0	1	19	441	445	0	0	18	484	394	0	0	13	396	413	
0	33	18	422	642	0	0	20	462	549	0	0	17	476	442	0	0	13	502	383	0	0	17	455	393	0	0	17	475	439	
0	96	18	389	741	0	12	20	495	552	0	0	18	559	508	0	0	21	463	417	0	0	14	465	447	0	0	19	456	394	
0	108	20	596	651	0	2	19	499	633	0	1	17	499	408	0	1	16	427	469	0	0	23	479	420	0	0	16	466	408	
0	72	18	476	640	0	2	19	455	619	0	0	17	471	468	0	0	18	427	378	0	0	19	465	467	0	0	20	422	374	
0	107	14	450	652	0	2	16	468	564	0	4	19	502	435	0	0	15	472	386	0	0	18	454	435	0	0	22	401	372	
0	70	16	561	655	0	9	17	525	585	0	0	17	558	467	0	0	19	464	379	0	0	18	437	380	0	0	11	483	379	
0	80	17	407	654	0	7	18	478	621	0	1	18	491	431	0	0	20	477	430	0	0	17	418	386	0	0	15	461	488	
0	143	20	474	693	0	9	15	503	603	0	0	21	566	465	0	0	20	476	379	0	0	17	478	486	0	0	19	497	370	
0	43	13	492	624	0	8	17	556	572	0	0	19	545	492	0	0	18	521	389	0	2	17	447	385	0	0	16	461	333	
0	60	19	513	650	0	7	20	508	555	0	1	20	503	412	0	0	22	469	432	0	0	18	482	454	0	0	15	415	393	
0	57	18	469	700	0	6	18	518	595	0	0	20	588	466	0	0	19	455	390	0	0	20	442	412	0	0	14	453	443	
0	71	21	437	615	0	10	20	525	578	0	0	20	443	481	0	0	11	456	403	0	0	15	457	375	0	0	13	410	374	
0	52	21	415	673	0	3	17	481	615	0	0	17	485	417	0	0	20	490	421	0	0	19	459	425	0	0	17	439	340	
0	48	21	464	680	0	13	19	521	545	0	2	19	464	483	0	0	17	511	386	0	0	19	512	388	0	0	18	481	356	
0	102	19	383	659	0	41	19	458	547	0	1	14	520	449	0	0	20	453	408	0	0	17	430	440	0	0	18	432	404	
0	9	20	495	628	0	12	18	520	649	0	2	20	557	443	0	0	15	484	345	0	0	14	442	410	0	0	15	484	339	
0	89	18	470	654	0	21	17	487	701	0	1	20	513	498	0	0	20	521	361	0	0	19	464	424	0	0	16	463	333	
0	140	17	488	653	0	49	19	518	593	0	0	18	471	493	0	0	20	491	375	0	0	21	456	412	0	0	16	420	318	
0	75	16	441	653	0	3	17	578	609	0	0	18	482	453	0	0	18	531	399	0	0	18	457	428	0	0	17	420	317	
0	68	18	518	637	0	9	19	480	608	0	1	17	551	502	0	0	20	554	409	0	0	17	513	403	0	0	19	431	267	
0	70	16	395	712	0	12	20	534	598	0	3	19	520	452	0	0	17	485	359	0	0	12	432	421	0	0	14	386	318	
